0.0603988041783174,0.0118979
0.0652729575052828,0.1503899
-0.0177435141677518,0.1724584
-0.159353735840786,0.1886024
-0.0958858325138205,0.2398518
0.153128945813145,0.2862653
-0.0226609633598898,0.3041012
-0.00802118503292437,0.3131839
0.157985780794041,0.3277778
0.0261411841210069,0.3387701
-0.0275784125520278,0.3529488
-0.00317300922506236,0.3620179
0.060294894101903,0.3731326
-0.0276043900711316,0.382129
0.0798088257558338,0.3916435
-0.0422701459172004,0.4046396
-0.066692867590235,0.4187421
-0.0911155892632696,0.4277782
-0.0374133109363042,0.4428576
-0.0569532201093388,0.4518846
0.0602256207176266,0.4619117
0.0895138365445924,0.4750985
-0.0276823226284422,0.4891572
-0.0276909818014768,0.5062912
-0.0423480784745114,0.5193509
-0.022825487647546,0.5344825
0.0308767906794198,0.5515772
0.0650478190063852,0.5666881
-0.0765624026666494,0.5808653
-0.149813249339684,0.5939243
-0.100993783512719,0.6060293
-0.0668227551857532,0.6170353
0.162660773141213,0.6322113
0.045464613968178,0.6492873
0.0503387672951434,0.663463
0.0991582331221088,0.6754229
-0.0912801135509258,0.6895627
0.0307815397760396,0.705732
-0.0620005568969946,0.7227084
-0.0864232785700292,0.7378395
0.0161071247569362,0.7550067
-0.0131984094160984,0.770102
-0.359886756089133,0.7811655
-0.359895415262168,0.7943052
-0.208536886935202,0.8092839
-0.0815924211082364,0.8244321
-0.013241705281271,0.8384728
-0.0230159894543056,0.8511503
-0.0230246486273402,0.865254
0.0160291921996256,0.8793287
-0.032807591973409,0.8915354
-0.203714688646444,0.9066869
-0.198840535319478,0.9238329
0.0843539305074872,0.9399618
0.0452827713344526,0.9551081
0.0501569246614184,0.9702195
-0.0377423595116162,0.9821712
0.0257255438153492,0.9964056
0.0598965721423146,1.0115566
0.02082541296928,1.0225507
0.00616831629624537,1.0376379
-0.0573169053767888,1.0548148
-0.0182630645498234,1.0708892
0.011025151277142,1.0848947
-0.00363194539589262,1.0979855
0.157492207931073,1.1089273
0.0256476112580382,1.1230464
-0.008540735414996,1.1371221
-0.0183150195880306,1.1501321
0.0598013212389348,1.1611714
-0.00368390043409983,1.1765635
0.0793152528928656,1.1927642
0.0158300312198314,1.2047215
0.00117293454679679,1.2168467
0.118351775373762,1.2290287
0.0499837412007276,1.2399997
0.010912582027693,1.2551554
-0.00862732714534165,1.2722335
-0.0476984863183758,1.2874273
-0.0281758954914104,1.3015187
-0.037950179664445,1.3145267
0.0987599111625204,1.3277047
0.0303918769894858,1.3438524
-0.0184449071835489,1.361045
0.015726121143417,1.3767406
0.0596627744703824,1.3919127
-0.0135880722026522,1.4049477
-0.00383110637568684,1.4169944
-0.0575507030487215,1.4281365
0.210995325278244,1.4423559
-0.23823208389479,1.4585299
-0.00874855556782483,1.4705438
-0.0478197147408594,1.4837045
-0.0478283739138941,1.4978083
-0.00877453308692866,1.5109355
-0.252923817259963,1.5220876
0.0595675235670026,1.5373346
0.044910426893968,1.5524213
0.0741986427209333,1.5634767
-0.209013141452101,1.5760932
0.0546500743748641,1.5892708
-0.11137420979817,1.6044229
0.0985780685287954,1.6154614
-0.0820946531442392,1.6291743
-0.0576892498172739,1.6401526
-0.174885408990308,1.6542895
-0.126065943163343,1.6673622
0.0545894601636228,1.6794297
0.0887604884905882,1.6946135
-0.248162233182446,1.7066417
-0.174928704855481,1.7197928
-0.0431014265285157,1.7310922
-0.0235788357015498,1.7473352
-0.189603119874584,1.7603849
0.0545288459523809,1.771524
-0.0284876257206537,1.7856725
-0.00896503489368827,1.8018307
-0.0529190065667229,1.8189592
-0.048044853239757,1.8340625
0.0544855500872083,1.8463911
0.0642425159141737,1.8574772
0.0739994817411391,1.8716342
-0.0627279274318955,1.8867463
-0.0676193991049301,1.9008256
-0.194581183277964,1.918503
-0.116464842450999,1.9321459
0.113018685875967,1.9442362
0.0446506517029319,1.9563302
-0.0627798824701027,1.9685174
0.0251020833568627,1.9806536
0.0153277991838285,1.9928058
-0.0628058599892061,2.0071919
-0.0774629566622407,2.024596
-0.160479428335275,2.0397372
-0.10677715000831,2.0548346
-0.140965496681344,2.0679322
-0.106794468354379,2.0810183
0.0738609349725867,2.098225
0.0592038382995521,2.113344
0.313101429126518,2.1311832
0.166608394953483,2.1462518
0.0689434857804487,2.1882259
-0.00919017339258588,2.2019204
0.0738089799343795,2.2139606
0.107980008261345,2.2271192
0.0347291615883103,2.2401812
-0.0629357475847243,2.2532543
-0.0287647192577585,2.2694615
-0.0727186909307931,2.2856613
0.0102804623961723,2.3006874
0.0298030532231377,2.3137194
0.0249115815501031,2.3278967
0.000488859877068482,2.3430199
-0.0434651117959657,2.3590728
-0.0288253334690003,2.3761601
0.0785878823579651,2.3912671
0.0297510981849305,2.4053569
-0.0776794359881041,2.4205764
-0.0532740326611383,2.4356326
0.0150766831658271,2.4486739
0.166435211492793,2.4607509
-0.0288859476802421,2.4751557
-0.126550856853277,2.4881826
-0.0728485785263113,2.5002791
-0.0191463001993455,2.51647
-0.0142721468723801,2.529489
0.0638441939545853,2.5415344
-0.0289379027184493,2.5566756
-0.0631262493914839,2.5707429
-0.116845846064519,2.5838027
-0.0338466927375527,2.5969769
0.112629023089413,2.6121211
0.122385988916378,2.6251187
-0.0582867327566565,2.6402827
-0.0729438294296911,2.653341
-0.0583040511027257,2.6664451
-0.0631955227757599,2.678515
0.0832801930512055,2.6945733
0.0686230963781709,2.7076657
0.0197863122051363,2.7248208
-0.0583473469678983,2.7401526
0.0197689938590675,2.786288
-0.165786540313967,2.8002933
-0.0974358244870017,2.8151019
-0.0583819836600363,2.8285499
-0.0290937678330709,2.8427087
0.0148428854938945,2.8792943
0.0148342263208603,2.9006793
-0.0242369328521743,2.9162005
0.0538794079747911,2.9335774
-0.0144886261982435,2.9461627
0.0587449021287219,2.9591962
-0.190287194544313,2.9723447
-0.654163041217347,2.9854766
-0.161007637890382,3.0006846
0.141718077936584,3.0137035
0.195420356263549,3.0287915
0.0879898220905146,3.0441062
0.21005147541748,3.0571804
0.0391443787444459,3.0723299
-0.0389892804285887,3.0874299
-0.00970106460162334,3.1035905
0.024469963725342,3.1197143
0.0635238045523074,3.1351496
3.85828792732745e-05,3.1481888
0.112334611206239,3.161322
0.0732634520332041,3.1743914
0.0830204178601694,3.1915668
3.94618713484007e-06,3.2076694
0.0341749745141002,3.2231234
0.00975225284106607,3.2392258
0.0195092186680315,3.2553855
-0.0439760030050032,3.2725984
0.0341403378219622,3.2876778
0.0243660536489276,3.3031005
0.019474581975893,3.3185609
-0.0293622021971411,3.3454277
0.0194572636298243,3.3615167
0.10245641695679,3.3793668
0.126861820283755,3.3954645
0.0975562861107204,3.4095411
-0.00499143556231374,3.4246305
-0.0147657197353483,3.4407705
-0.078250941408383,3.4548091
-0.000134600581417565,3.4688871
-0.000143259754452174,3.4870488
-0.0294487939274868,3.501115
0.00472223439947905,3.5162332
0.0730729502264444,3.5293047
-0.10271695894659,3.5444198
-0.0441318681196248,3.5584903
-0.0636717772926594,3.5756718
-0.019735123965694,3.5896578
-0.0685719081387282,3.6047713
-0.0392836923117628,3.6202241
0.00953577351520263,3.6351174
-0.029535385657832,3.6627789
0.160885642669133,3.6787734
0.136462920996099,3.6941775
-0.581319175676935,3.7109391
-0.18093720984997,3.7251665
0.419640068476995,3.7395938
0.175490784303961,3.7536702
0.0875915001309262,3.7677301
0.058285965957892,3.7838552
0.0338632442848574,3.7999708
0.00455771011182282,3.8160657
-0.000333761561211787,3.8342284
-0.0394049207342464,3.8513377
-0.024765142407281,3.8656542
0.0679996359196848,3.8973603
0.10217066424665,3.9169376
-0.0101426824263844,3.9353757
0.043559595900581,3.9512078
-0.0492225007724536,3.9666508
0.0826047775545118,3.9811382
0.0532992433814776,3.9962296
0.023993709208443,4.0116384
0.126524112535408,4.0265467
0.0044451408623738,4.0536545
0.0386161691893392,4.0728118
0.00442782251630458,4.0878084
-0.0395261491567296,4.1019254
0.00441050417023581,4.1169738
0.0385815324972012,4.1320105
0.0532213108241666,4.1492355
0.014150151651132,4.1643089
-0.0298038200219022,4.1795864
0.0922578333050632,4.2083481
-0.0054070758679714,4.2253533
-0.00541573504100601,4.2434756
-0.147025956714041,4.2595473
-0.0884408658870752,4.2877633
0.0238551624398906,4.3048177
0.033612128266856,4.3198925
0.0189550315938214,4.3370133
-0.0298817525792132,4.3511079
-0.0494216617522478,4.3652191
-0.0298990709252824,4.3813305
0.116576644901683,4.3984291
0.0433257982286488,4.4156004
0.0140202640556142,4.4306922
0.0286600423825796,4.4467231
0.145838883209545,4.4607761
-0.0153025884634896,4.4768746
-0.00554562263652381,4.4924953
0.0188597806904416,4.5081185
-0.034859815982593,4.5361198
-0.0543997251556276,4.5511084
-0.0348771343286622,4.5671923
0.0627704564983036,4.583193
-0.010480390174731,4.6123866
0.0139250131522344,4.6299982
0.0187991664791998,4.6462025
0.0529701948061652,4.6621601
0.0822584106331306,4.6915173
-0.0154064985399036,4.7085635
0.0382957797870618,4.7241039
0.0627011831140272,4.769375
0.0236300239409926,4.7859362
-0.039855197732042,4.8010689
0.00408145559492334,4.8182658
-0.0252240785781108,4.8333509
-0.0398811752511454,4.8505298
-0.06430389692418,4.8655899
-0.00571880609721465,4.8828802
-0.0301415277702493,4.8999721
-0.118040811943284,4.9161674
-0.039924471116318,4.9432463
0.0235434322106474,4.9617168
-0.00576210196238724,4.9793204
0.0235261138645781,4.9975112
-0.0106622328084565,5.0141784
-0.0497333919814906,5.0414157
-0.0448592386545252,5.0571672
-0.0497507103275598,5.0738853
-0.0155796820005945,5.1028463
0.0137085338263709,5.1191615
0.0771764371533363,5.1351502
-0.0204884720196978,5.1639334
0.0527450563072676,5.1814245
-0.0986307903657671,5.1984728
-0.0107488245388017,5.2427303
-0.0254059212118363,5.2588698
0.0136479196151291,5.2900968
-0.015657614557905,5.3071793
-0.0107834612309397,5.3254049
0.0478016295960257,5.3435827
0.0429101579229911,5.3606509
-0.0156922512500435,5.3789365
-0.00105247292307808,5.4126254
0.233313867903888,5.4312497
-0.0840776037691469,5.449645
-0.0547893879421815,5.4772518
0.116100390384784,5.4963598
-0.00109576878825068,5.512352
0.0330752595387152,5.530852
-0.142714649634319,5.5494043
-0.0304186213073541,5.5767756
0.0769945945196113,5.5928815
0.0623374978465767,5.6226646
0.0183835261735421,5.6391203
-0.0646329454994921,5.6551386
0.0964912078274733,5.6715445
-0.0451190138455613,5.68817
-0.0353620480185959,5.7329612
-0.0451363321916305,5.7499769
-0.103738741364665,5.7667821
-0.0451536505376993,5.7831543
-0.00121699721073387,5.8024018
-0.0402881563837685,5.8209847
0.218492246943197,5.8556721
0.0817648377701623,5.8717147
-0.0744938214028723,5.8881243
-0.118447793075906,5.9063008
-0.00615176474894108,5.9513852
-0.211238548921976,5.9703919
-0.0110518955950103,5.9896331
0.213548820231955,6.0276342
0.0572901610589209,6.045152
0.0670471268858863,6.0636886
0.0182103427128517,6.1058843
0.110975121039817,6.1221786
-0.0599319756332175,6.1385369
0.110957802693748,6.1551924
0.0181757060207137,6.1992656
0.0376982968476791,6.2179214
-0.0941462998253555,6.2599443
-0.30411589649839,6.2790979
-0.323655805671425,6.2967038
-0.118586339844459,6.3156311
0.257381563482507,6.3438497
0.223193216809472,6.3609264
0.105997057636437,6.3902787
-1.3393241015366,6.4365212
-0.0795671357096319,6.4556499
-0.0893414198826661,6.4734074
-0.108881329055701,6.513485
-0.0405306132287353,6.5439068
0.26219510259823,6.563317
0.0375770684251955,6.6050814
0.0717480967521609,6.6252454
0.0815050625791267,6.668008
0.115676090906092,6.6860583
0.149847119233057,6.7087099
0.00823689756002288,6.7463182
-0.0113030116130117,6.7643877
-0.128499170786046,6.7825576
-0.0796797049590805,6.8006782
0.0277335108678849,6.8178147
-0.0796970233051497,6.8349202
-0.0845884949781843,6.8541111
0.271848158348781,6.9002037
0.0374644991757465,6.9203792
0.0276902150027123,6.9397232
-0.0895059441703223,6.9785231
0.0862666466566431,6.9987571
-0.0944060750163915,7.0179779
0.0178899533105739,7.0370576
0.0422953566375397,7.0562058
-0.0797836150354949,7.0773736
0.13505147579147,7.0954258
0.159456879118436,7.1155797
-0.0260986550545987,7.1352877
-0.113997939227633,7.1814394
0.364509026599332,7.200454
-0.0847183825737021,7.2197166
0.0324604582532633,7.2611727
-0.0505560134197713,7.2788315
0.0129118899071941,7.2969678
0.0666141682341594,7.3384344
-0.128706990938875,7.3579187
-0.0164109626119093,7.3772205
0.388853815715056,7.4174774
-0.114084530957979,7.4375202
-0.162921315131013,7.4578044
0.134921588195952,7.4784239
0.271631679022918,7.4981633
-0.104353542650117,7.5176815
0.00794248567684885,7.5495174
-0.0408942984961858,7.5685961
-0.0994967076692204,7.5876511
0.0225649456577455,7.6057724
-0.0897484010152891,7.6249845
0.0957898148116763,7.6431203
0.139726468138642,7.6622105
0.139717808965607,7.7078461
0.0274044622925724,7.7286426
0.0713411156195383,7.748744
0.0322699564465037,7.7692853
-0.00680120272653095,7.8053998
0.00295576310043444,7.8511258
-0.0556466460726002,7.8817749
-0.0117099927456348,7.9274311
0.00292978558133106,7.9465497
0.0322180014082964,7.9670613
-0.138689095264738,7.9866821
0.139622558062227,8.0047379
0.0468404613891926,8.0228803
0.012652114716158,8.0604754
0.0175262680431238,8.079578
0.0858769838700892,8.1002068
-0.0606160503029454,8.1401157
-0.04597627197598,8.1606458
-0.0606333686490146,8.2015076
-0.0801732778220487,8.2216895
-0.00693974949508336,8.2627058
0.124887528831882,8.2838742
-0.0460195678411526,8.3015737
-0.0509110395141872,8.3429435
-0.129044698687222,8.3619801
-0.046045545360256,8.3800746
-0.207187017033291,8.3992297
-0.153484738706325,8.418363
0.27131128962064,8.4392354
0.00274794294760561,8.4582875
0.129692408774571,8.4764331
0.168746249601537,8.4976324
-0.0412233470714978,8.5189228
-0.0412320062445324,8.5402294
0.056415584582433,8.5616763
0.0564069254093984,8.5932829
0.0759295162363638,8.6127049
-0.0363838304366704,8.6342342
0.061263760390295,8.6736934
0.0661379137172604,8.6951553
-0.0315269954557742,8.7157089
-0.0998950296288088,8.7361868
-0.046192751301843,8.7572873
-0.0217873479748776,8.776331
-0.0413272571479122,8.7965354
0.134445333679053,8.8172057
-0.0852898879939814,8.8383071
-0.070650109667016,8.8577148
-0.00718220634005018,8.8768795
-0.0901986780130848,8.8970861
0.0562770378138806,8.9162777
-0.002325371359154,8.9364384
0.124619094467811,8.9554849
-0.0365223772052232,8.9745905
-0.0609450988782574,8.9937434
0.056233741948708,9.0138753
-0.0170171047243266,9.0352175
0.0415679861026388,9.0576566
-0.0268000480703958,9.0792109
0.0366678552565696,9.1129959
-0.0317001789164646,9.1331898
0.0366505369105008,9.1756279
0.0366418777374662,9.1968291
0.0756957185644316,9.218257
-0.158687940608603,9.2397423
0.0317330877183628,9.273787
0.0610213035453282,9.2952336
-0.0854717306277064,9.3142771
-0.080597577300741,9.3355347
-0.0317781114737756,9.3566405
0.0365726043531898,9.3757343
0.0609780076801556,9.3948942
0.080500598507121,9.4161888
-0.0659924356659136,9.4592854
-0.0415870323389482,9.4804077
-0.0415956915119828,9.5214248
0.319723774314983,9.5436458
-0.0464958223580516,9.5661899
-0.0855669815310862,9.5852633
-0.0318647032041208,9.6044184
0.163439137622845,9.6245626
0.07553985344981,9.6461641
-0.0367734932232247,9.6833885
0.119467847603741,9.7046135
0.0657482509307066,9.7262254
0.046208341757672,9.747591
0.00225437008463736,9.7696919
-0.0563480390883973,9.7911942
0.109658926738569,9.8248634
0.065704955065534,9.8465998
0.0852275458924994,9.8667107
-0.0514998632805352,9.8862087
-0.24682102245357,9.9073353
0.143795318373396,9.9274175
0.158435096700361,9.949628
0.0607701875273268,9.9712444
-0.0173634716457078,9.9928157
0.0558700566812576,10.0143295
0.0558613975082229,10.0483544
0.0558527383351883,10.0947846
0.168148766662154,10.1166297
-0.0174067675108804,10.1563336
-0.237141989183915,10.202351
-0.11996314835695,10.2333895
0.0899891299700157,10.2552605
0.0704492207969816,10.2960526
0.192510874123947,10.3181586
0.0948459649509124,10.3579058
0.158313868277878,10.403824
0.00693802160484314,10.4252409
-0.203031575068191,10.4466359
0.138756640758774,10.4831823
0.13386516908574,10.514228
-0.0370419275872949,10.5613983
0.0361916007396705,10.5836256
-0.0712389334333641,10.6043196
-0.261677280106399,10.6244047
0.0263999982205672,10.6445075
0.0117429015475325,10.6646628
0.0507967423744979,10.6847924
0.0800849582014633,10.7080154
0.104490361528429,10.7295999
0.0556535773553941,10.7543332
0.0507621056823599,10.7761986
0.172823759009325,10.7972356
0.0605104123362907,10.8194407
-0.0566857468367439,10.8412513
-0.0127490935097785,10.8622713
-0.0322890026828127,10.8845038
-0.0420632868558473,10.9061887
0.128826491471118,10.9512975
-0.378994667701916,10.9741642
-0.139745514374951,10.9959383
0.280167701452014,11.0321947
0.0457840422789801,11.0542161
-0.437623054394054,11.0763127
-0.120248901067089,11.1164912
-0.466937247740124,11.1381926
0.0555150305868417,11.1592888
0.265467308913807,11.1814519
-0.110517912759227,11.203222
-0.0470500094322617,11.224294
0.558410081394704,11.2462315
0.182424859721669,11.268707
0.0066349505486345,11.2906215
0.0163919163755999,11.3126849
0.304469194702566,11.3356195
0.421648035529531,11.3576554
0.270272188856497,11.379786
0.0407713421834619,11.4158262
-0.427987316989573,11.4610335
0.489972773837393,11.48318
0.0846906771643585,11.5051993
0.519252330491324,11.5323065
0.128618671318289,11.5547268
0.0504850121452547,11.597211
-0.0569455220277799,11.618677
-0.227852618700814,11.6406764
0.353193409626151,11.6618054
0.152989437953117,11.6834678
0.182277653780082,11.7046654
0.304339307107047,11.7263237
0.0455415854340129,11.7482348
-0.203490511239021,11.7868794
0.138297704587944,11.833682
-0.0521406420850905,11.8578515
0.0943350737418749,11.8802483
-0.13516577293116,11.9263196
0.294513067895806,11.9732003
0.128488783722772,12.0182523
0.0064098120497369,12.0426903
-0.603950409623298,12.065223
-0.545365318796332,12.0893308
-0.0619755404693669,12.1116527
-0.174288887142401,12.1363173
-0.0375787963154357,12.158669
0.13331098201153,12.181268
0.152833572838495,12.2036708
-0.0180735238345395,12.2497212
-0.0815587455075741,12.2722308
0.0356200953193917,12.3114496
-0.218294813853643,12.3336059
0.103962151973322,12.3744966
0.118601930300288,12.4200848
-0.0376567288727467,12.4443402
-0.0181341380457813,12.4824433
-0.0816193597188155,12.5079294
-0.0376827063918501,12.5312854
-0.0669882405648847,12.5701808
0.0843702877620807,12.6176325
-0.0279430589109539,12.6406424
0.00134515691601145,12.66534
-0.0865541272570227,12.7009443
-0.150039348930057,12.723369
-0.0523917581030919,12.7629191
-0.0231035422761265,12.8099507
0.0550127985508388,12.8580384
-0.0377692981221953,12.8821727
-0.00359826979522992,12.9046432
-0.106145991468265,12.9293637
-0.0573265256412991,12.952198
-0.0280383098143338,12.9752724
0.0647264685126316,12.9976047
-0.00364156566040252,13.04735
0.177013837666563,13.0708683
0.264895803493528,13.0932348
0.133051206820494,13.1162527
0.010972235147459,13.1413163
0.0842057634744244,13.1803387
0.0890799168013903,13.2275037
-0.325967804871644,13.27343
-0.101367089044679,13.3221868
-0.0623132482177136,13.3696836
-0.169743782390748,13.3946694
-0.0623305665637828,13.4192825
-0.0965189132368169,13.4563667
0.0646052400901485,13.5048474
0.103659080917114,13.5508235
0.0548222967440792,13.5985604
0.0206339500710446,13.6237059
0.0743362283980105,13.6488316
-0.0282114932750241,13.6868763
-0.321188902448059,13.713302
0.352630563378907,13.736226
0.049887529205872,13.7624707
0.0254648075328374,13.8088263
0.00592489835980325,13.8316217
0.108455301686769,13.8567081
0.142626330013734,13.8937116
-0.0331635791593006,13.9402738
0.142609011667665,13.9648844
-0.0527121475053698,13.9881308
-0.038072369178404,14.0106379
-0.0136669658514386,14.0363623
-0.0673865625244732,14.0741152
0.0644407158024922,14.1200915
0.0790804941294576,14.1462439
0.044892147456423,14.1713503
-0.00394463671661116,14.1954838
-0.0381329833896458,14.2403456
0.0546317949373196,14.2640963
-0.028384676735715,14.3045194
-0.0674558359087496,14.349639
-0.194417620081784,14.3965522
0.0350659082451816,14.4217074
0.230369749072147,14.4594069
0.0204001523991124,14.5055305
0.0985164932260778,14.55435
0.0350312715530432,14.5798688
-0.135875825119991,14.6047181
0.0496623907069744,14.6429296
-0.0968306434660602,14.6680498
-0.145667427639095,14.7061788
0.0105739131878706,14.7545694
0.137518379014836,14.7985071
0.0300878448418018,14.8245712
0.0593760606687672,14.8497789
-0.0431716610042674,14.8883762
0.083772804822698,14.9359402
0.0202875831496634,14.9837459
0.0446929864766292,15.0167959
-0.106682860196405,15.0432773
0.08373816813056,15.0700015
0.0934951339575254,15.1072888
-0.140888525215509,15.1323154
-0.00417843438854382,15.1577412
0.230187906438422,15.1992956
0.0446323722653874,15.2473055
-0.0383840994076472,15.2942628
0.147154116419318,15.3412133
0.142262644746284,15.3646961
-0.121417889426751,15.4049803
-0.0188874860997852,15.4364724
0.0738772922271802,15.4622655
-0.0530844919458544,15.4887598
-0.062858776118889,15.5244316
0.220335689708076,15.5494881
-0.0775245319649582,15.587526
0.103130871362008,15.6213732
-0.00429966281102701,15.6464771
-0.0482536344840616,15.6716449
0.0249798938429038,15.6982923
-0.0189740778301308,15.7354032
-0.209412424503165,15.7816358
-0.0092257711761996,15.8152941
0.0249452571507658,15.8634852
-0.0531884020222688,15.9104703
0.0346935638046966,15.9583882
-0.565901032868338,16.0068194
-0.243644067041372,16.0398887
0.0834957112855932,16.0849497
-0.0825285728874414,16.1333661
-0.126482544560476,16.1827587
-0.00442089123351064,16.2301949
-0.0386092379065452,16.2561953
-0.0337350845795794,16.2942026
-0.028860931252614,16.3442853
0.0150757220743514,16.3914828
0.0834264379013168,16.4387575
-0.0630665962717178,16.4656749
0.0980575570552475,16.4917816
0.107814522882213,16.5273204
-0.0435613237908212,16.5537299
0.0345550170361442,16.5897533
-0.0191645796368904,16.6379669
0.112662698690075,16.6708771
0.0101149770170408,16.7029248
0.00522350534400617,16.7292559
0.0931054711709716,16.7552728
0.073565561997937,16.7944691
0.195627215324902,16.8393115
0.190735743651868,16.8870021
0.146781771978834,16.9203624
-0.048539387194201,16.9698319
0.0393425786327644,17.0028234
0.0588651694597297,17.0517359
-0.0876278647133049,17.0837447
-0.0290427738863395,17.1095574
0.102784504440626,17.1357012
0.0246508452675918,17.1617396
-0.0241859389054428,17.2002868
0.0441647769215225,17.2333459
-0.0437345072515121,17.281379
-0.0339775414245467,17.3281678
0.180857549402419,17.3745648
0.127137952729385,17.4234456
0.0783011685563499,17.4713231
-0.0388949906166847,17.5182692
-0.0340208372897193,17.5501254
0.0294470660372466,17.5775734
0.019672781864212,17.6056938
0.102671935191177,17.6428297
0.0196554635181427,17.6707014
-0.0633610081548919,17.6973167
-0.151260292327926,17.7350266
0.0342779234990394,17.7830883
0.0782145768260047,17.8312559
0.0196121676529701,17.8793767
-0.0243418040200645,17.9055075
0.136782349306901,17.9416881
0.180719002633866,17.9890733
0.0732884684608321,18.0375501
0.117225121787798,18.0709638
-0.00485384988523707,18.0997047
-0.0195109465582717,18.126332
-0.0146367932313063,18.1633587
0.0097686100956591,18.2134532
-0.0146541115773751,18.2608588
0.00486847924959033,18.3093991
-0.0195542424234443,18.3573195
0.00973397340352111,18.3853254
0.0878503142304865,18.412314
-0.00981459494254766,18.4486038
-0.127010754115582,18.4762189
0.0878243367113831,18.5027317
0.0682844275383485,18.5408717
-0.219810169134686,18.5877033
-0.0977485158077207,18.636245
0.0877897000192451,18.683898
-0.122179896653789,18.7181017
0.317264569173176,18.7521679
-0.459111277499859,18.7979942
0.209825375827107,18.8450182
-0.0440895333459279,18.8784378
0.229339307481038,18.9052745
0.385580648308003,18.9327374
-0.0929436358650313,18.970817
-0.0294757325380659,19.0193008
-0.346867204211101,19.0463094
0.131639761615865,19.0727252
0.141396727442831,19.1094368
0.224395880769796,19.1582246
-0.171120590903239,19.2047769
0.160901999923727,19.2532991
-0.0441847842493077,19.2869725
-0.0100137559223419,19.3207675
0.0729853974046235,19.3653435
-0.0686248242684111,19.4003562
-0.112578795941446,19.4332766
-0.13211870511448,19.4816592
-0.595994551787515,19.5133927
-0.132136023460549,19.5614409
-0.0735509326335837,19.6101165
-0.0784424043066183,19.6589666
-0.0345057509796529,19.6928871
0.0436105898473125,19.7248625
-0.151710569325722,19.7739345
-0.0540629784987563,19.8084527
0.0972955498282091,19.8541695
0.102169703155174,19.9003663
0.0582157314821399,19.9494641
-0.0589804276908947,19.9964033
-0.0492234618639289,20.0238307
-0.00528680853696351,20.0607044
-0.0736548427099981,20.1075409
-0.0199525643830327,20.1438291
0.0191012764439327,20.1793437
-0.0102042577291019,20.2157382
-0.0785722919021361,20.2514114
-0.000455951075170713,20.2875366
0.141136952251795,20.3337521
0.0532376680787601,20.3694663
-0.00536474109427454,20.4060697
-0.0151390252673091,20.4424488
-0.0542101844403433,20.4790432
-0.0151563436133779,20.5250388
-0.103055627786413,20.5609294
0.00435758804055286,20.6084579
-0.00541669613248175,20.6448855
0.0873480821944836,20.6816161
-0.0151996394785505,20.7183921
-0.415598923651585,20.7531253
0.0336111671753803,20.8008309
0.0775478205023457,20.8368754
-0.024999901170689,20.8730704
-0.0445398103437231,20.9103442
-0.000603157016757727,20.9454368
-0.00549462868979234,20.9811257
-0.0250345378628269,21.0170833
0.0823786779641384,21.0643907
0.106784081291104,21.109369
-0.0152948903819303,21.1468824
-0.0446004245549649,21.1847744
0.199531541272,21.2214151
-0.0446177429010342,21.2562974
-0.0250951520740688,21.292807
0.0920836887528966,21.3297224
-0.0153468454201375,21.3674127
0.0237069954068279,21.403375
0.0188155237337932,21.4394677
-0.0300212604392414,21.475516
-0.083740857112276,21.5121623
-0.0837495162853106,21.5482916
0.0334293245416553,21.5853652
0.0627175403686207,21.6223625
-0.083775493804414,21.6583965
0.126176784522551,21.6954245
-0.0447303121504832,21.740657
0.0187375911764827,21.7769668
0.0431429945034481,21.8140909
-0.00569378966958656,21.8499124
-0.0203508863426212,21.8859721
-0.489109545515656,21.9226776
-0.0984932046886904,21.9593666
-0.0496737388617245,21.9954293
0.0235597894652408,22.0314363
0.106558942792206,22.0677959
0.0284252836191716,22.1038948
0.194432249446137,22.1417329
-0.0643654722268976,22.1794955
0.145586806100068,22.2244223
-0.0741484155729664,22.2607372
0.047913237753999,22.297523
0.0527873910809644,22.3346735
-0.0155806430920702,22.3714279
-0.181604927265105,22.4078571
-0.064426086438139,22.444143
-0.0742003706111736,22.4796387
-0.00096684228420818,22.5166413
-0.000975501457242789,22.5532685
0.0087814643697226,22.588858
-0.0400553198033116,22.624817
-0.0302983539763462,22.6618032
-0.196322638149381,22.6983803
0.155231202677585,22.7353604
-0.16216026899545,22.7808309
-0.176817365668485,22.8275189
-0.269599462341519,22.8637352
0.233321565985447,22.8991425
0.125891031812412,22.9364693
-0.0498988773606226,22.9820462
0.0819284009663428,23.0191449
-0.0352677582066918,23.0575804
-0.103635792379726,23.1038047
-0.0792303890527606,23.1424243
0.0428312642742048,23.186278
0.12094760510117,23.2238621
-0.0499594915718644,23.2696903
-0.030436900744899,23.3068231
-0.0450939974179332,23.3454084
-0.0158057815909678,23.3902505
-0.0548769407640024,23.4268214
0.00370815006296299,23.4634262
0.00369949088992838,23.5000411
0.0525189567168942,23.5383235
-0.12327095245614,23.5754375
-0.054920236629175,23.6118845
-0.11840545830221,23.6493887
-0.108648492475244,23.6874221
-0.235610276648279,23.7248811
-0.069603310821313,23.7628574
0.369841155005652,23.8068605
-0.133097191667382,23.854908
-0.0403324133404168,23.9007163
0.325869864986549,23.9377749
-0.050115356686486,23.9849809
0.58464160914048,24.0212917
0.0328751374674452,24.0585488
-0.123383521705589,24.0954874
-0.084329680878624,24.1318568
-0.274768027551659,24.179132
-0.0452844992246932,24.2156918
0.203730279102273,24.2525503
-0.094129942570762,24.3001936
0.0767598357562034,24.3449102
0.0523371140831688,24.3919297
-0.0453277950898658,24.4294351
0.1206791707371,24.4654494
0.193912699064065,24.5033633
-0.0844162726089692,24.5408604
-0.0502452442820038,24.5788145
-0.0209570284550384,24.6243694
-0.079559437628073,24.6707834
-0.0209743468011072,24.7092595
-0.0258658184741418,24.7467407
0.0473677098528236,24.7847396
0.101069988179789,24.8227895
-0.0405402334932456,24.8616001
-0.0259004551662803,24.8998596
0.169403385660686,24.9362109
0.091269726487651,24.9740784
-0.0552233076853836,25.0115139
-0.0161694668584182,25.0488669
0.105892186468547,25.0868225
-0.133374285204487,25.1238114
0.174234243122478,25.1713518
-0.0308525410505562,25.2093615
0.0814434872764092,25.2478463
0.569716078103375,25.2921466
-0.0601753935696601,25.331427
-0.182254365242694,25.3678795
-0.0943723994157288,25.4161315
0.0374548789112366,25.4527044
0.0813915322382019,25.489414
0.125328185565167,25.5264075
0.740553901392133,25.5648806
0.530584304719099,25.6101614
-0.148135291953936,25.6478797
-0.240917388626971,25.6857251
-0.00655104780000526,25.7333228
0.12527623052696,25.770929
-0.0260996161460745,25.8090849
-0.0993504628191086,25.8464221
-0.0749450594921433,25.8848086
-0.0456568436651779,25.9234866
0.0324594971617875,25.9685631
-0.0652054120112471,26.0054484
-0.0505656336842812,26.0428435
0.0714960196426841,26.0892575
-0.0701142020303505,26.1290749
-0.0798884862033851,26.1668967
0.10564972962358,26.2111745
-0.0213120545494543,26.2494148
0.0519214737775116,26.2884239
-0.0701574978955231,26.3344264
0.0812010304314423,26.3719685
-0.0604091912415923,26.4114495
-0.0555350379146269,26.4565779
-0.0701921345876615,26.4948663
-0.0848492312606957,26.5340346
-0.27528757793373,26.5721035
0.0616178253932351,26.6196682
0.0323122912202005,26.6642195
-0.0409385554528341,26.7040351
0.0908887228741313,26.7492949
-0.0897839987989029,26.787511
-0.270456720471937,26.8263543
0.129925245355028,26.872778
-0.0556302888180067,26.9196521
-0.138646760491041,26.9574793
0.0322430178359245,26.9967125
0.0664140461628899,27.0339462
0.0517569494898553,27.0721236
-0.0361423346831793,27.1094105
0.0273255686437861,27.1499246
0.281223159470751,27.1905411
0.0175426252977173,27.2308698
0.0663620911246827,27.2744516
-0.0898965680483519,27.3215553
0.0272822727786135,27.3624278
0.105398613605579,27.4038271
-0.0410944205674557,27.4448291
0.12002973275951,27.4904313
-0.133885176413524,27.5304237
0.105363976913441,27.5697548
0.144417817740406,27.6098013
-0.0362549039326283,27.6489093
0.0613926868943371,27.6944639
0.0662668402213029,27.7349467
0.0809066185482683,27.7787874
0.0564838968752337,27.8177644
-0.0509466372978009,27.8568017
-0.00700998397083552,27.8964429
0.0173954193561303,27.9350504
0.207816447683096,27.9740883
-0.0949265864899389,28.021132
-0.0558727456629735,28.0611607
-0.0168189048360081,28.1010146
0.373797435990957,28.1465937
-0.0168362231820769,28.1869405
-0.0119620698551115,28.232848
0.212638645971854,28.2718914
-0.212174700701181,28.3114214
-0.0510505473742153,28.3493859
0.27120641845275,28.3887605
-0.256145990720284,28.4284493
0.139353162606681,28.4677896
0.251649190933647,28.5064404
0.266288969260612,28.5545452
0.266280310087577,28.5937946
0.529943525914543,28.6332245
-0.0901823207584913,28.6728173
-0.0218316049315259,28.7115012
-0.0804340141045605,28.7498876
-0.295286423277595,28.7888932
-0.12927945745063,28.8278587
0.00254782087633609,28.8674498
0.0806641617033015,28.9065454
-0.0316491849697331,28.945404
0.139240593357232,28.983461
0.153880371684198,29.0225101
-0.0316751624888369,29.0694628
0.0903864908381289,29.109792
-0.0561065433349057,29.155912
0.0513066724920597,29.195481
0.158719888319025,29.2347402
0.0219924791459905,29.273402
-0.0414927425270442,29.3134124
0.100100160799922,29.3584116
-0.0317444358731129,29.3985208
-0.0219874700461475,29.4426769
-0.109886754219182,29.4814478
-0.0220047883922168,29.5197507
0.00728342743474863,29.5588042
0.0316888307617145,29.5988242
0.0414457965886799,29.6379367
-0.0708675500843547,29.6779275
0.0902566032426106,29.7174609
0.046302631569576,29.7554576
0.300200222396542,29.7943679
-0.197855311776493,29.8334463
0.134167279050473,29.8732735
-0.046505442622562,29.9124705
0.124384335704403,29.9513659
0.930039739031369,29.9903643
-0.207664232641665,30.0299091
0.0218192956853001,30.0694211
0.236654386512265,30.1179911
0.0657472898392308,30.1573677
0.0657386306661962,30.1974556
-0.290715341006838,30.2442331
-0.0319349376798725,30.284452
-0.00752953435290715,30.3238511
0.0315243064740582,30.3645111
0.0754609598010236,30.4094655
-0.085680511872011,30.4493553
0.0803264539549544,30.4892886
-0.00269001771807975,30.5354788
-0.0710580518911144,30.5757093
0.016823913935851,30.6153898
0.0802918172628164,30.6561258
-0.00760746691021819,30.6944707
0.0216807489167476,30.7339384
0.046086152243713,30.7809347
-0.0515787569293216,30.8222661
0.163256333897644,30.8680533
-0.0711273252753908,30.9073779
0.324371828051575,30.946831
0.0606912938785404,30.9925849
0.622206072205506,31.0324092
-0.188349461967529,31.0723178
0.334102816359437,31.118622
-0.046765217813598,31.1584268
-0.393453564486633,31.1988081
-0.0565481611596668,31.2384907
-0.217689632832701,31.2784222
-0.124924854505736,31.3185042
0.00690242382122941,31.3573938
0.0215422021481948,31.3981527
-0.0272945820248394,31.4378973
0.00687644630212603,31.4787538
0.00198497462909142,31.5189398
-0.110328372043943,31.5578141
-0.0322120312169778,31.5984524
0.00684180960998759,31.6384893
0.0751925254369534,31.6783864
-0.00782394623608118,31.7185015
0.0751752070908842,31.7601884
0.0702837354178496,31.8033927
-0.198279611255185,31.8444192
-0.00785858292821962,31.8901164
0.319281195398746,31.9307548
-0.0762352762742884,31.9700889
0.172779502052677,32.0103906
0.319255217879642,32.0565033
-0.169034691293392,32.1044791
0.392480087033573,32.1438814
-0.154403572139461,32.1848058
-0.0958184813124956,32.2254345
-0.0714130779855302,32.2654602
0.128773575341435,32.3124689
-0.237446021331599,32.3544279
-0.100735930504634,32.3954999
0.0164429103223318,32.4374009
0.0799108136492972,32.4834669
-0.00798847052373741,32.5244631
-0.032411192196772,32.565402
-0.0958964138698066,32.6054856
-0.0666081980428408,32.6475925
-0.0714996697158754,32.6933091
0.00661667111108999,32.733556
0.0652017619380554,32.7737773
0.0163649777650208,32.8203049
0.0310047560919862,32.8659103
-0.037363278081048,32.9104631
-0.0715516247540826,32.9510441
0.0700412785728828,32.9974429
-0.0520376931001518,33.0377377
0.133500522726814,33.0844295
-0.364555011446221,33.1317203
-0.428040233119255,33.1744697
1.22234173270771,33.2191871
0.455731511034676,33.2607591
-0.149745898138359,33.3015803
-0.462254557311394,33.3426455
-1.03355227898443,33.3835967
-0.359732813157462,33.4244548
-0.223022722330497,33.4704506
-0.0716641940035316,33.5167108
-0.100969728176566,33.557405
-0.193751824849601,33.5984057
0.040614515977365,33.6405791
0.0161917943043304,33.6854097
-0.0179965523687042,33.7266618
0.0698854134582612,33.7727608
-0.0570763707147735,33.8149849
-0.0570850298878081,33.8564539
0.128453185939158,33.8971273
-0.213352348233877,33.9389921
-0.0375797574069114,33.981095
0.084481895920054,34.0265499
0.0307622992470193,34.0689616
0.0405192650739847,34.1153816
-0.0620284565990494,34.1598787
-0.052271490772084,34.2063629
0.0600245375548814,34.2528562
-0.0327575591181533,34.2944853
-0.0327662182911879,34.3368973
-0.179259252464222,34.3764179
-0.0816116616372566,34.4174256
0.0502156166897088,34.458411
-0.0572149174833259,34.501131
-0.0669892016563605,34.541536
-0.154888485829395,34.5834034
0.0111184799975708,34.6249332
0.128297320824536,34.6660127
0.103874599151502,34.7124991
-0.115860622521533,34.7546594
-0.145166156694568,34.7954204
0.0696689341323977,34.8418628
-0.252605350040636,34.8834651
-0.164723384213671,34.9262812
-0.213560168386706,34.9708128
-0.15497507755974,35.0109979
-0.277054049232775,35.0525353
-0.179406458405809,35.0939712
0.509061444921156,35.1354126
-0.120830026751878,35.1769082
-0.360096498424913,35.2184577
-0.0720192200979475,35.260565
-0.0134341292709821,35.3034985
-0.0769193509440163,35.3490189
-0.00368582261705086,35.3906352
-0.0329913567900855,35.4338593
-0.15018751596312,35.4759116
0.162303824863845,35.5183538
0.0402248531908107,35.5613761
0.128106819017777,35.6032552
-0.0623315276552581,35.6452216
0.0157848131717073,35.6918805
0.230619903998673,35.7327296
0.0255331198256381,35.7743574
-0.101428664347397,35.8228682
0.0743439264795693,35.8648243
-0.0965631701934653,35.906859
0.0499125456335001,35.9528726
-0.0184554885395345,35.9961958
0.0303639772874309,36.0374457
0.0840662556143963,36.0808304
0.128002908941362,36.1239841
-0.0526698127316725,36.1693638
0.586969965595293,36.2165541
0.201219118922258,36.2588979
-0.379844227750776,36.3008359
0.27932680057619,36.3439342
-0.165017796096845,36.3901697
-0.0429561427698797,36.4354195
0.0986367605570857,36.4778959
-0.0722703361159489,36.5209457
-0.0478649327889835,36.5640878
-0.331076716962018,36.6055729
0.328094311364948,36.6524747
0.171835652191913,36.6984889
-0.345751131981122,36.7455986
0.00580270884584388,36.7922548
-0.0479168878271907,36.83542
-0.116284922000225,36.8808905
0.0594876688267405,36.9234588
0.000885259653705894,36.9692236
-0.0137718370193287,37.0113521
0.137586691307637,37.0587326
-0.0772657178653979,37.1068515
0.127803747961568,37.1521311
0.0350216512885333,37.196188
0.113137992115499,37.2419478
-0.0187066045575359,37.2844772
-0.0724262012305705,37.3269266
-0.0431379854036047,37.3695152
-0.0040841445766393,37.4117277
0.0886806337503261,37.4547853
-0.0578124004227085,37.5006415
-0.0187585595957431,37.5445165
0.0447093437312223,37.5888667
-0.0431899404418119,37.6315083
-0.0187845371148465,37.6744363
0.00073805371211888,37.7183226
-0.0236846679609157,37.7633128
-0.0822870771339503,37.809294
0.0397745761930151,37.8526356
-0.00417939548001911,37.894814
0.0446400703469463,37.940731
-0.0872045263260883,37.9834472
0.117864939500877,38.026773
-0.0432765321721575,38.0708136
0.000660121154808291,38.1150171
-0.0432938505182263,38.1598579
0.0543537403087391,38.2003553
0.0543450811357045,38.2454883
-0.11167920303733,38.2863921
-0.0726253622103648,38.3301788
0.391233166116601,38.3728881
-0.473033305556434,38.4162865
-0.604877902229468,38.4594848
-0.311917811402503,38.5054391
0.0494016544244626,38.5486074
-0.072677317248572,38.5918549
0.298407773578394,38.6337722
-0.170350885594641,38.6764389
-0.253367357267675,38.7194214
-0.05806351644071,38.763025
-0.121548738113745,38.8068998
-0.0531980222867792,38.8524018
-0.0629723064598133,38.8959026
0.171394034367152,38.9396871
0.0297838126941175,38.9818579
-0.0385842214789172,39.0287999
-0.0385928806519518,39.0722659
-0.0141874773249859,39.115664
-0.0825555114980205,39.1607398
0.0785686418289449,39.2038402
0.0541459201559102,39.2469166
0.00530913598287563,39.2904522
-0.053293273190159,39.3320317
0.0199402551368069,39.3763939
0.0541112834637723,39.4194143
0.0541026242907376,39.4641597
0.098039277617703,39.5075231
-0.0582193815553316,39.5538786
0.0638422717716338,39.5955478
0.000357050098599654,39.6397945
-0.077776609074435,39.6831637
0.0638162942525304,39.7268642
-0.116856427420504,39.7703969
-0.0436228990935388,39.8145082
0.171212191733427,39.8609827
-0.0289917799396076,39.902725
-0.0875941891126422,39.9459356
0.0686471517143232,39.9884298
0.0881697425412886,40.0319482
0.014918895868254,40.0789429
-0.0143866383047802,40.1219027
-0.0241609224778148,40.1648563
0.0344241683491506,40.2095676
-0.029061053323884,40.2543724
0.0148756000030814,40.2975377
0.166234128330047,40.3423189
-0.0535010933429874,40.3868338
0.000201184983978031,40.4309088
0.00995815081094342,40.4743663
0.0490119916379088,40.5179079
0.0783002074648742,40.5618064
-0.0242475142081604,40.6055363
0.0685172641188054,40.6487714
0.0831570424457708,40.6924556
-0.0242734917272638,40.735773
-0.224477463400298,40.7828845
0.024537314926667,40.8282472
-0.200080719246368,40.869299
0.219832496580598,40.9124746
-0.141504287592436,40.9604695
-0.444247321765471,41.0026222
-0.571209105938506,41.0477457
0.0781962973884598,41.0929023
0.0879532632154256,41.135959
-0.468696020957609,41.1808424
-0.156204680130644,41.2259592
-0.302697714303678,41.2698657
0.200223314023287,41.3137696
-0.146465032649747,41.3574333
-0.0244033793227816,41.3994814
-0.166013600995816,41.4458247
0.156243364831149,41.4899965
-0.0634918568418854,41.5324619
-0.01955520351492,41.5765611
-0.0439779251879546,41.6217102
-0.0195725218609888,41.6654332
-0.0830577435340234,41.7124652
-0.00982421520705801,41.7565057
-0.0684266243800926,41.8020618
0.00480690394687278,41.846457
-0.0147330052261618,41.8935759
-0.127046351899196,41.9384084
-0.151469073572231,41.9833353
-0.122180857745265,42.0268143
-0.0782442044182998,42.0677961
-0.0636044260913344,42.1145046
-0.117324022764369,42.157819
0.0096204430625968,42.2028457
-0.0196850911104378,42.2470041
-0.107584375283472,42.2944692
0.126781965543493,42.342453
-0.0538907561295416,42.3858676
0.102350584697424,42.4304296
0.0290997380243896,42.4763726
0.068153578851355,42.5216227
-0.0588082053216796,42.5633842
-0.0295199894947142,42.6081822
-0.0148802111677488,42.6513919
0.097415817159217,42.693407
0.0681102829861824,42.7378395
0.0583359988131478,42.7798511
-0.0979226603598868,42.8254557
0.204803055467079,42.8709223
-0.0149321662059561,42.9159034
-0.0393548878789902,42.9611739
0.0485270779479752,43.0068338
0.111994981274941,43.0525457
-0.000318365398094045,43.0945043
-0.00520983707112865,43.1373851
-0.0735778712441628,43.1830336
-0.0149927804171974,43.2284438
-0.034532689590232,43.2731989
-0.0882522862632666,43.3179383
0.390254679563699,43.3614079
0.287706957890664,43.4044812
-0.54237982628237,43.450323
-0.317779110455405,43.4945857
-0.249428394628439,43.5401814
0.165602008698526,43.5854551
-0.410578525474508,43.6314531
0.0679284403524569,43.6767721
-0.288525531320577,43.720897
-0.410604502993612,43.7658282
0.375519650333354,43.8111894
0.492698491160319,43.8553322
-0.156724230512716,43.8985077
0.39502492281425,43.9446021
0.00439126364121556,43.9878665
0.028796666968181,44.0344229
-0.0444541797048537,44.0813776
-0.122587838877888,44.1244941
-0.0737683730509229,44.1679061
-0.039597344723957,44.2127923
0.00433930860300835,44.2578216
0.0140962744299737,44.3011284
-0.0884514472430609,44.3464664
-0.0298663564160955,44.3895593
0.11660935941087,44.4347726
-0.0298836747621642,44.4776322
-0.0201267089351989,44.522946
-0.0103697431082335,44.5684072
-0.0933862147812681,44.6148648
-0.0445667489543027,44.6617466
-0.0348097831273373,44.7054241
0.0530721826996285,44.7508535
0.0530635235265939,44.7974947
-0.0397185731464407,44.8440152
-0.0592584823194753,44.8864051
0.0383891085074901,44.9320995
0.0920913868344559,44.9773253
-0.0397532098385787,45.0185198
-0.0104649940116133,45.062359
0.214135721815352,45.106337
-0.191146374857682,45.1519641
0.0822824659692829,45.1965605
0.101805056796249,45.2411406
-0.0300395398767859,45.2878341
0.0822564884501795,45.3347798
0.682833766777145,45.3795586
0.10177042010411,45.4245227
-0.396285114068924,45.4672899
-0.308403148241958,45.5107529
-0.176575869914993,45.5545973
0.174977970911972,45.6004817
-0.166827563261062,45.6469739
-0.0838284099340969,45.6936001
-0.103368319107132,45.7378934
-0.0252519782801657,45.7836316
0.0138018625467997,45.8282412
-0.127808359126235,45.8769492
-0.11316858079927,45.9200126
0.0674868225276959,45.9604685
-0.0985374616453383,46.0045582
0.0577038791816271,46.0471453
-0.0301954049914075,46.0924022
0.0283896858355579,46.1389421
0.0723263391625233,46.1854763
-0.118112007510511,46.2298491
0.00394964581645452,46.2728841
0.0381206741434199,46.3209098
0.0234635774703853,46.3660741
0.0381033557973507,46.4118677
0.179696259124316,46.4556201
-0.191406150048719,46.5018583
-0.123055434221753,46.5479343
-0.230485968394787,46.5934196
0.306614747432178,46.6379511
0.101527963259143,46.6853604
0.291948991586109,46.7292494
0.204049707413074,46.7758048
0.22845511074004,46.8234331
-0.386787923432995,46.8693875
-0.0645309576060291,46.9155029
-0.152430241779064,46.9618603
-0.118259213452098,47.0062126
-0.0743225601251325,47.0521265
-0.0792140317981671,47.0979026
0.0770273090287983,47.1436355
-0.00110635014423632,47.1876507
-0.0255290718172709,47.234894
-0.0255377309903055,47.2808398
-0.0108979526633397,47.3257038
0.0769840131636257,47.3688236
-0.0304465210094089,47.4139184
-0.123228617682444,47.4605076
-0.0499950893554781,47.5064213
-0.0646521860285127,47.55333
0.0378782172984531,47.5963955
-0.128146066874582,47.6426809
-0.103740663547616,47.6865065
0.0525006772793493,47.7314274
-0.0549298568936853,47.7754376
0.22826460893328,47.820823
0.120834074760246,47.8625225
-0.137963646912789,47.9073799
0.130582381414177,47.9545474
-0.133098152758858,48.000851
-0.313770874431893,48.0481733
-0.260068596104927,48.0941531
0.379571182222039,48.1394419
-0.0696562269509959,48.1847659
0.0182257388759695,48.231326
-0.162446982797065,48.2760757
0.4674271705299,48.3198826
-0.245472113643134,48.3642139
0.399050477183831,48.4078959
0.350213693010797,48.4518541
-0.0843652786622378,48.4967949
-0.191795812835272,48.5393839
-0.074616972008307,48.5864286
0.106038431318659,48.6311414
-0.0258061653543757,48.6738042
-0.0844085745274104,48.7184597
-0.011175046200445,48.7628548
0.14018348212652,48.8073788
-0.0307236145465142,48.8535526
-0.128388523719548,48.8995587
-0.118631557892583,48.9419215
0.0229613454343824,48.9865041
-0.113766063738652,49.0312966
-0.108891910411687,49.0772265
0.0180525554152791,49.123926
-0.0796123537577555,49.1714511
-0.54837101293079,49.2183752
-0.0942781096038248,49.2608639
-0.0796383312768594,49.3088226
-0.138240740449894,49.3556631
0.149836537877072,49.4041069
0.291429441204037,49.4488674
0.0179832820310026,49.4948352
0.950591810357968,49.5395073
-0.338479348815067,49.5843606
-0.387316132988101,49.6307662
-0.172481042161135,49.6747058
0.01793998616583,49.7234351
-0.0113655480072046,49.7687935
-0.465475769680239,49.8152493
-0.275054741353274,49.8635452
0.105795974473692,49.9080937
-0.109056434699343,49.9502525
-0.0162916563723772,49.9952874
0.0520590594545882,50.0410602
0.0276363377815536,50.0851015
-0.011434821391481,50.1310831
-0.0212091055645152,50.1764012
-0.0846943272375498,50.2240839
0.0520157635894156,50.2692528
-0.00170383308361899,50.313318
0.144771882743346,50.3566666
-0.0603149014296882,50.4027125
0.149637376897278,50.4464795
0.115449030224243,50.4909727
-0.0310440039487916,50.5339318
0.144728586878174,50.5804822
0.0177668027051392,50.6259253
-0.162905918967895,50.6720048
-0.0457270781409296,50.7166249
-0.0603841748139642,50.7634409
0.0079665410130012,50.8059535
-0.0066905556600334,50.8515034
0.115371097666932,50.8959147
-0.299676624006103,50.9415756
0.00793190432086321,50.9828033
0.120227932647829,51.0263719
0.212992710974794,51.0724792
0.149507489301759,51.1208073
0.164147267628725,51.1682004
0.0762479834556906,51.2143773
-0.773370050717344,51.2621213
-0.0946677723903786,51.3110187
-0.0800279940634132,51.3533396
-0.0312085282364478,51.4000237
-0.0409828124094824,51.4487117
-0.0507570965825166,51.492479
0.476577994244449,51.5382049
0.144538085071414,51.5858748
0.00292786339837958,51.6286734
-0.050791733274655,51.6752414
-0.18263632994769,51.7218147
0.100558135879276,51.767157
0.0468385392062416,51.8108124
0.100540817533207,51.8543572
0.0321727833601724,51.9014053
-0.0996718133128622,51.948487
0.0028585900141036,51.9912955
-0.026446944158931,52.0377604
0.0858490841680344,52.08059
0.0223638624949998,52.1261421
-0.0606526091780348,52.1714504
-0.568473768351069,52.2188092
-0.0899668025241036,52.2637037
-0.0850926491971382,52.3092396
-0.177874745870173,52.3538907
-0.00698496754320743,52.3983852
-0.031407689216242,52.4413454
0.0955367766107234,52.4877825
-0.0753703200623108,52.5314357
-0.104675854235345,52.5777563
0.01738579909162,52.620225
0.188275577418585,52.6668934
-0.207240894254449,52.707783
0.232203571572516,52.7548323
0.388444912399482,52.7993079
0.461678440726447,52.8430284
0.0368650940534128,52.8894319
0.549551747380378,52.9354329
0.0905587132073435,52.9818951
-0.0168718209656906,53.0254446
0.207728894861275,53.0735404
0.16377492318824,53.120071
-0.0217806109847944,53.16263
0.0807497923421709,53.2062888
-0.129219804330864,53.2530109
0.0172559114961022,53.296076
0.110020689823068,53.3431862
0.022121405650033,53.3867124
0.139300246476998,53.4301938
-0.0462552876960363,53.4767687
-0.143920196869071,53.525111
0.275993018957895,53.570137
0.34434373478486,53.618711
-0.104883674388174,53.660445
-0.0316501460612089,53.707037
-0.0707213052342435,53.7544162
-0.0463159019072781,53.8019325
-0.00726206108031224,53.8481215
0.583549592246653,53.8935984
-0.00727937942638146,53.9407605
-0.275842726099416,53.9844033
-0.139132635272451,54.0277911
-0.0707819194454848,54.0746343
0.144053171381481,54.1167472
-0.241697675291554,54.1638463
-0.290534459464589,54.2085803
-1.31105093113762,54.2538831
-0.00246584031065789,54.301603
-0.129427624483692,54.3470059
0.134235591343273,54.3945053
0.886180057170239,54.4401347
0.500429210497204,54.4883801
-0.38336851117583,54.5307567
-0.334549045348865,54.575333
0.432043857978101,54.6225452
0.397855511305066,54.665382
0.163471852132032,54.7118642
-0.0660289945410031,54.7564256
-0.0172095287140377,54.8028842
0.402703687112928,54.84632
-0.0514065345601065,54.8918348
-0.202782381233141,54.9384301
-0.300447290406176,54.9844121
-0.22721376207921,55.0284522
-0.110034921252245,55.074898
-0.227231080425279,55.1225293
0.387994635401686,55.171594
0.597946913728652,55.2161823
-0.237022682944383,55.2619408
-0.0319532171174175,55.3067877
0.0852256237095479,55.3529268
0.00220915203651373,55.3991121
0.143802055363479,55.4444085
0.285394958690445,55.4873984
0.48558161201741,55.5364443
-0.0368879846556247,55.5817092
-0.154084143828659,55.6278991
0.0509853219983065,55.6767444
0.300000100325272,55.7193153
-0.476375746347763,55.7663983
-0.139470343020797,55.8114046
0.158372560306168,55.8573568
0.109535776133133,55.9027936
0.0314021169600993,55.9473452
0.0460418952870647,55.9954991
-0.0223261388859699,56.0392363
0.0509073894409955,56.0818233
0.182734667767961,56.1293866
-0.0321177414050733,56.1754682
0.0459985994218921,56.2227627
-0.0760803722511425,56.2674965
-0.00772965642417711,56.3139391
-0.115160190597212,56.3625507
0.0264327127297537,56.4080681
-0.0321696964432805,56.4507667
0.119188831883685,56.5008337
0.0166411102106503,56.5469335
-0.0468441114623843,56.5922899
-0.0761496456354189,56.6363967
-0.0810411173084535,56.6837532
-0.0859325889814877,56.7286281
-0.00293343565452231,56.7737111
0.167956342672443,56.8228599
-0.0273648165005915,56.8710933
-0.0517875381736261,56.9160209
-0.0371477598466607,56.9598707
0.0849138934803051,57.0093926
-0.21782914069273,57.0571738
0.143490325134236,57.0997878
-0.110424584038799,57.1469184
-0.0567223057118333,57.192984
0.0702221601151325,57.2416094
-0.0518568115579021,57.2878753
0.0946189042690633,57.3334646
0.0799618075960287,57.3794443
0.0457734609229941,57.4277936
0.206897614249959,57.4717662
0.0359905175769253,57.5168647
0.0945756084038907,57.5628676
0.0799185117308561,57.6103458
-0.0519260849421785,57.6574365
0.0701355683847869,57.7018039
0.153134721711752,57.7468567
0.0945323125387181,57.7937616
0.0701095908656835,57.8383991
-0.0861490683073511,57.8823471
-0.0275639774803857,57.9324791
0.0163726758465796,57.9825029
0.0114812041735455,58.0289002
-0.423097767499489,58.0744213
0.0212295108274763,58.1204592
0.275127101654442,58.1684031
-0.00808468251859296,58.2139099
0.153039470808372,58.2584482
0.0553745616353383,58.3036871
-0.0813528475376963,58.3484743
-0.100892756710731,58.3968969
-0.125315478383766,58.4408908
0.0260430499431998,58.4889611
0.0211515782701652,58.5354885
-0.0520992684028689,58.5844749
0.0699623849240965,58.6293348
0.00647716325106185,58.6743616
-0.00817993342197276,58.7178348
0.0650535949049926,58.7628259
0.123638685731958,58.8109209
0.0162081515589239,58.8554007
0.260340117385889,58.9008076
0.172440833212855,58.9465702
-0.19866157596018,58.9913281
-0.120545235133215,59.0385519
0.0894070431937513,59.0824299
-0.281695365979283,59.1289837
-0.276821212652318,59.1743326
-0.101048621825353,59.2218403
-0.237776030998387,59.2674087
-0.301261252671422,59.3113312
-0.228027724344456,59.3578035
-0.105966071017491,59.4044946
-0.247576292690525,59.448136
-0.27688182686356,59.4938697
0.479945451463406,59.5410704
0.025835229790371,59.5850945
0.0990687581173368,59.6350159
-0.193908651055698,59.6801621
-0.00348762272873238,59.725369
-0.071855656901767,59.7734508
0.0160263089251984,59.8174549
-0.0035136002478362,59.8634861
-0.0230535094208704,59.9084026
-0.145132481093905,59.9555675
-0.11096145276694,60.0014292
-0.0133138619399742,60.0463186
-0.0572678336130088,60.0944191
-0.110987430286043,60.138648
-0.0621679644590776,60.1858071
0.0159483763678878,60.2339569
0.0257053421948532,60.2793968
0.0452279330218186,60.3251172
-0.013374476151216,60.3690816
-0.15986751032425,60.4176876
-0.0182746069972848,60.4627058
-0.0671113911703194,60.50875
-0.125713800343354,60.5529109
-0.0183005845163886,60.6003284
0.118409506310577,60.6474376
0.435783659637543,60.6917599
0.181868750464508,60.7384466
-0.526147721208527,60.7833144
-0.0915860678815612,60.8307624
-0.242961914554596,60.8755766
0.42597473877237,60.9213493
-0.199033920400665,60.9692545
0.338066795426301,61.0139776
-0.184402801246734,61.0603577
0.445471352080232,61.1078673
0.035306442907197,61.1526311
0.757954033734163,61.2032639
0.103648499561128,61.2472966
-0.736203909611906,61.293786
-0.052618818784941,61.3414132
-0.160049352957976,61.3857122
0.24521542536899,61.4323994
0.313566141195956,61.4773787
0.147541857022921,61.5227936
-0.169849614650114,61.567394
0.127993288676852,61.6140103
-0.116155995496183,61.6598259
0.103561907830783,61.7050346
0.0400766861577484,61.7505375
0.0742477144847138,61.7965089
0.0400593678116792,61.8427763
0.132824146138645,61.8883003
0.11328423696561,61.9357766
-0.0332087972074246,61.9816992
-0.0918112063804588,62.02834
0.0839613844465066,62.0771368
-0.043000399726528,62.1229678
-0.00882937139956264,62.1679508
-0.0381349055725972,62.2134002
-0.0234951272456314,62.2601393
0.044855588581334,62.3102527
0.0887922419082994,62.3557994
0.0106585827352648,62.401814
0.0448296110622302,62.4488234
0.127828764389196,62.4956581
0.0643435427161614,62.5407619
-0.0186729289568732,62.5859616
-0.135869088129908,62.6324017
0.161973815197058,62.6777389
0.000832343524022949,62.723066
0.0887143093509883,62.7703686
-0.0284818498220458,62.8161431
-0.00895925899508043,62.8644064
0.083805519331885,62.9138572
0.0544999851588504,62.9602996
-0.0480477365141843,63.0056802
-0.0431735831872189,63.0507804
-0.140838492360253,63.0963934
-0.150612776533288,63.1433787
0.137464501793678,63.1887077
-0.0187941573793569,63.2358268
-0.0725137540523915,63.2813851
-0.0188114757254256,63.3278222
0.0641876776015398,63.373815
-0.0334772315714948,63.418853
-0.116493703244529,63.4643683
0.0104507625824359,63.5108106
-0.0139719590905987,63.5583986
-0.0286290557636328,63.603818
-0.0286377149366674,63.6493625
-0.0530604366097021,63.6958196
0.0836496542172633,63.7411982
0.166648807544229,63.7867884
-0.0775004766288059,63.8323392
-0.04821226080184,63.879909
0.0933806425251253,63.9265401
0.0738407333520907,63.9737284
0.0640664491790561,64.0200998
-0.0726609599939785,64.0665655
-0.0775524316670131,64.1127222
0.117751409159953,64.1604374
0.357000562486918,64.2058908
-0.0141018466861165,64.2529162
-0.0824698808591511,64.3012661
-0.126423852532186,64.3476041
0.12259092579478,64.3985961
0.0835197666217455,64.448405
0.000503294948710931,64.4949981
0.0249086982756763,64.5461185
0.0444312891026417,64.5922875
0.0493054424296071,64.6391048
-0.160664154243427,64.6857328
-0.102079063416462,64.7324743
0.0346310274105037,64.7809477
-0.0923307567625309,64.826631
0.127387146564435,64.8722436
0.0931987998913999,64.9182142
0.361744828218366,64.9653294
-0.0435372684546689,65.0112503
-0.0435459276277035,65.0576553
0.117578225699262,65.1037091
0.0247961290262273,65.1496242
0.0540843448531931,65.1960993
0.234739748180159,65.2422929
-0.248667348492876,65.287904
0.254253679834089,65.333267
0.0101043956610547,65.3816574
-0.18033395101198,65.4287533
-0.605147297685014,65.4741847
0.386054980641951,65.5202304
0.171202571468917,65.5666424
0.303029849795882,65.6127043
-0.0924866218771525,65.658978
-0.136440593550187,65.7040074
0.254175747276779,65.7517562
-0.492903224396256,65.7978148
-0.17064625856929,65.8436689
-0.165772105242325,65.8904134
0.41527392308464,65.9391442
0.586163701411606,65.9871873
-0.532009020261428,66.0326954
-0.610142679434463,66.0793388
-0.107221651107498,66.1257174
-0.0144568727805323,66.1727893
-0.0828249069535669,66.2228397
0.102713308873399,66.2708454
-0.0047172252996357,66.3173135
-0.0340227594726703,66.365335
0.0929217063542951,66.4117905
0.0538505471812605,66.4612847
0.0880215755082259,66.5073269
-0.317260521164808,66.5553073
0.107535507162157,66.6033048
-0.117082527010878,66.6513205
-0.0389661861839121,66.6983126
0.0293845296430533,66.7453091
-0.0878116295299813,66.7917073
0.0342500237969845,66.8387289
-0.0536492603760501,66.8857325
0.0147014554509153,66.9353384
-0.0390181412221193,66.984715
0.0635122621048461,67.0317328
0.224636415431811,67.0817905
0.151385568758777,67.1287497
0.268564409585743,67.1788054
-0.00976456208729193,67.2273644
0.258781466239673,67.2747166
0.165999369566639,67.3217049
0.122045397893605,67.3687509
-0.0537445112794299,67.4167512
-0.0391047329524645,67.4653375
0.0438944203745009,67.5138069
-0.0293564262985337,67.5607482
-0.380927585471568,67.6073338
-0.0782018696446025,67.6548183
0.195226971182363,67.7022873
-0.107516062990672,67.7493119
-0.102641909663706,67.7957337
0.107310368663259,67.8427566
0.244020459490224,67.8917801
0.0828789878171903,67.9393321
-0.00502029635584433,67.9877475
0.0193851069711211,68.0347068
-0.0831626147019136,68.0844055
-0.0685228363749482,68.1333254
-0.0978283705479828,68.182329
-0.0392432797210169,68.2297583
0.0486386861059485,68.2783733
0.156051901932914,68.3257241
0.116980742759879,68.3733109
0.0534955210868446,68.4212938
0.0144243619138105,68.4713631
0.0681266402407759,68.5208123
-0.0978976439322587,68.5697907
-0.00513286560529336,68.6187554
-0.049086837278328,68.6673158
-0.0393298714513626,68.7162958
-0.0442213431243967,68.7643426
-0.0735268772974313,68.8137796
-0.019824598970466,68.8627523
-0.0198332581435006,68.9102986
-0.151677854816535,68.9582669
0.13639942351043,69.0073252
-0.171226423162604,69.0568283
0.0582571051643614,69.103767
-0.000345304008673164,69.1527383
-0.141955525681708,69.201849
-0.0443079348547424,69.2516674
0.014277155972223,69.299276
-0.0736221282008112,69.3487797
-0.0785135998738458,69.3977728
0.0386652409531196,69.446333
0.067953456780085,69.4953641
-0.0883052023929496,69.5437193
0.204654888434016,69.5927708
0.126521229260982,69.6413377
-0.185987429912053,69.6886841
0.146035160914912,69.7387998
0.219268689241878,69.7862748
0.146017842568843,69.8362008
-0.034654879104191,69.8868059
-0.0102494757772256,69.9350222
-0.10303157245026,69.9853875
-0.0737433566232948,70.0361233
0.0385526717036706,70.087347
0.023895575030636,70.1552504
0.189902540857602,70.2247567
0.0189954441845672,70.2761951
-0.244685089988467,70.3456281
0.023860938338498,70.3964098
-0.181225845834537,70.44887
-0.142172005007571,70.5003819
-0.117766601680605,70.5524475
-0.05918151085364,70.6018
0.0579973299733254,70.6543419
-0.0738472666997092,70.7063443
-0.108035613372744,70.7594582
-0.025036460045778,70.8123376
-0.0250451192188126,70.8824135
-0.152006903391847,70.9455689
-0.000648375064881801,71.0098876
0.0823507782620836,71.0614312
-0.083673505910951,71.1144069
-0.112979040083985,71.1779754
0.0530279257429802,71.2758614
-0.181355733430054,71.3286642
0.121369982396911,71.3863559
0.282494135723876,71.4383195
0.131118289050842,71.5158512
-0.00072630762219239,71.5663812
-0.020266216795227,71.6164211
-0.108165500968262,71.6683411
0.00901333985870378,71.7189294
0.0383015556856692,71.7683193
-0.152136790987365,71.8180194
