-0.00239684180470467,0.0120347
0.0025512351935828,0.1920812
0.0465618121918698,0.2340345
-0.0217322983098427,0.2660956
0.0222782786884443,0.2980411
-0.00695333181326818,0.331267
0.00776037018501929,0.3620635
-0.00193999031669367,0.3749507
0.0225393366815938,0.3879757
-0.00669227382011872,0.3999148
-0.00662700932183169,0.4128889
0.0373835676764558,0.4409914
0.0374488321747428,0.4552288
-0.0161968408269697,0.4689072
-0.0210143888286822,0.4889858
0.0083477506696048,0.5039745
0.0181786401678923,0.5209826
-0.0110529703338202,0.5359866
0.0134263566644668,0.5458928
-0.0109224413372457,0.5600819
0.0526193856610413,0.5720067
0.0136221501593288,0.5849623
-0.0107266478423838,0.5979602
0.0576979916559033,0.613076
-0.0203617438458092,0.6259766
0.0578285206524778,0.6390028
0.00418284765076526,0.6510751
-0.000634700350947259,0.6669918
0.0140790016473398,0.6800084
0.0239098911456272,0.6909729
0.0288579681439147,0.7271006
0.0728685451422018,0.7390084
-0.112613065359511,0.7530333
0.00463969913877627,0.769012
-0.0197090988629363,0.7819919
0.0731296031353512,0.792973
-0.00981294486636175,0.8221549
0.0390804446319257,0.8350293
0.0293800841302128,0.8459546
0.0196797236285002,0.858166
-0.0144346993732123,0.8710253
0.122349315125075,0.9021892
0.0394067671233622,0.9170921
0.0394720316216497,0.9279767
-0.0483533288800633,0.9400666
0.0493681856182242,0.953094
-0.0140431123834888,0.9650264
0.108092464614799,0.9770061
0.0544467916130862,0.9901043
0.0935745561113732,1.0031034
-0.360461741890339,1.0201101
0.186478522607948,1.0310256
0.127950037106235,1.0441486
0.0157106141045227,1.0581686
-0.10629443389719,1.0731283
-0.223416669398903,1.0850411
-0.140343592400615,1.0960139
-0.0768017654023283,1.1092037
0.0258025615959592,1.1200705
-0.0522571739057538,1.1341139
0.211479965592534,1.1450321
0.0455296050908212,1.1581997
-0.144834817910892,1.1691312
-0.178949240912604,1.2033789
0.221506648585683,1.2213503
-0.0274515244160298,1.2363159
0.00679342758225765,1.2472265
-0.193336620419455,1.2813571
0.368252081578832,1.2922451
-0.19808890392288,1.3293851
0.212132610575407,1.340282
-0.227255249926306,1.353283
0.256208452071982,1.3672845
0.212328404070269,1.3782549
-0.588387581431444,1.3913968
0.144099558066843,1.4032743
0.490844510065131,1.440398
0.359073837063418,1.4523688
-0.0803140234382949,1.4853843
-0.0460690714400074,1.4972994
0.62294150555828,1.5334159
-0.651407292443433,1.5473825
-0.158177965445145,1.5634705
-0.133698638446858,1.5752989
0.305819751051429,1.6105067
0.188697515549717,1.6244134
-0.192096594951996,1.6353154
-1.08558601795371,1.6483885
-0.963450440955422,1.6627407
0.0961851360428656,1.7076551
0.140195713041153,1.7234661
0.0426047275394401,1.7353588
-0.328423757962272,1.7463415
-0.0353897434639849,1.7615684
-0.0109104164656979,1.7774809
0.12587359803259,1.7894198
-0.264686137469123,1.8013768
0.702176002029164,1.8344506
-0.0252977959725484,1.8508157
0.814611218525739,1.8654043
-0.166768829475974,1.8965275
-0.308305127477687,1.9135703
0.370471074520601,1.9275075
-0.132393348481112,1.9404776
0.321773478517175,1.9534937
-0.278747194484537,1.9925611
-0.11754911748625,2.0056105
0.00946927201203707,2.0174296
0.219495474010325,2.0394774
0.0681935510086116,2.0504135
-0.000100559493100949,2.0664661
0.302699080005187,2.085552
-0.141571592996526,2.1014777
0.117282734001761,2.1144265
0.278480811000048,2.1274318
0.195538262998336,2.1426044
0.727830089996623,2.1577267
-0.56604995800509,2.1704637
-0.146062818506802,2.1834482
-0.116700679008515,2.213658
-0.189877602010228,2.2254646
0.0201485999880595,2.2459556
-0.116504885513653,2.2596952
0.376724441484634,2.2935795
-0.140788419017079,2.3086543
0.205956532981209,2.3215016
-0.414095390020504,2.3580823
-0.345670750522217,2.3896591
0.0499023264760705,2.4014935
0.191569153474358,2.4216092
0.220931292972645,2.4355902
-0.189159692529068,2.4485076
0.00621807196921997,2.4856111
0.133236461467507,2.5026318
-0.462401399034206,2.5175727
0.0943044904640815,2.5486439
-0.310903682537631,2.5626217
-0.0862290430393435,2.5786074
0.597429971458943,2.5916485
-0.159340701542769,2.6267344
0.245998000455518,2.6406207
-0.725616422546195,2.6535554
0.260776966952093,2.6906677
0.25107660645038,2.7068663
-0.315264379051333,2.7216649
-0.173597552053045,2.7335662
0.055959899945242,2.74657
-0.0416310855564705,2.7877779
0.0316763664418169,2.801627
0.432132255940104,2.8186616
-0.0560837295616086,2.8325936
0.114879972436678,2.8466124
-0.109664138065034,2.8827313
0.432393313933253,2.8976704
-0.0802367340684595,2.9116879
-0.00204646957017207,2.9467597
0.085909419928115,2.9617927
0.0469121844264024,2.9767161
0.10068838642469,2.9896984
0.0519255259229769,3.0278015
-0.00172014707873558,3.0417269
0.130181054919552,3.0758432
-0.143191180582161,3.0917316
-0.0503524785838736,3.1070205
0.0571346609144134,3.1217157
-0.0697531995872991,3.1548262
0.433241752410988,3.1848862
-0.128216420590725,3.1976887
0.482200406407563,3.2127599
0.00863285840585037,3.2492336
0.0282293729041374,3.2958027
0.179661824902425,3.3118219
-0.0448822855992881,3.3247353
-0.240129521101001,3.3438258
-0.0496345691027131,3.3569278
0.0871494453955739,3.3908324
-0.254582165106139,3.4059335
-0.195923150607852,3.4218212
0.0629311763904359,3.43472
-0.0297769966112766,3.4487675
0.24372576788701,3.487958
0.0582441573852979,3.5027782
-0.190714015616415,3.5187916
0.146265311381872,3.5337821
-0.19546629911984,3.5668945
0.351473965378447,3.5838362
-0.102562332623266,3.598797
-0.268512693124978,3.6138452
0.371201008873309,3.6267844
0.0490006483715963,3.6609367
-0.141363774630117,3.6779128
-0.0289938226318291,3.692875
-0.121701995633542,3.7081637
0.122503893864745,3.7228707
0.161631658363033,3.7418824
0.20075942286132,3.7548703
0.0689887498596073,3.7698583
-0.345985048142105,3.7869153
-0.248263533643818,3.8028803
0.371918918354469,3.8369983
-0.199304879647243,3.8522327
0.0937291348510438,3.8678514
-0.418900913150669,3.8818676
0.113390913847619,3.8989148
0.440604615845906,3.9158998
-0.0817910571558067,3.9308554
0.32843045734248,3.9479068
-0.0718949031592322,3.9639477
-0.272024951160945,3.9950136
0.123548125837342,4.010998
-0.55998035966437,4.0248992
-0.667336970166083,4.0429686
0.182337669332204,4.0584269
0.118926371330492,4.0901932
-0.173977114171221,4.1051677
-0.950279037172934,4.137187
0.299786227325354,4.1521723
0.138718679323641,4.1701875
-0.466684806178072,4.2022637
-0.159002354179785,4.2342818
-0.598390214681497,4.2662776
0.25128442481679,4.2972832
0.0413887518150773,4.3122948
0.471141516313365,4.3463331
-0.266097906688348,4.3773137
-0.812907642190061,4.3922516
-0.402686127691773,4.4263997
-0.0217614881934862,4.4576981
-0.739469661195199,4.4752424
0.237158103303089,4.5063382
0.0467936803013758,4.5373214
0.442366757299663,4.5522183
0.26665077179795,4.5702442
-0.158088651203762,4.6014345
0.149593800794525,4.6343972
-0.182372184707188,4.653418
0.1106618297911,4.6984102
0.0814302192893872,4.7294078
-0.387254516212326,4.7464281
-0.172345501714038,4.7634275
0.369711950284249,4.7944477
-0.0892071602174638,4.8254561
0.120819041780824,4.8404316
-0.494350068720889,4.8735236
-0.211081679222602,4.8883504
-0.508867977224314,4.9054265
0.575181662273973,4.9385267
0.0820828642722602,4.9533805
-0.484258121229453,4.9694028
-0.293763169231165,4.9844691
0.0188020952671222,5.0003817
0.165351734765409,5.0325332
0.155651374263697,5.0495507
-0.0444786737380163,5.0805157
0.272969403260271,5.1115189
-0.210363769741441,5.1274521
-0.171236005243154,5.1607203
0.488008946755133,5.1915468
0.507605461253421,5.2064807
-0.263813649248292,5.2255116
0.0829313027499952,5.240497
-0.0293081202517178,5.2577978
-0.11225066825343,5.2865243
0.434689596244857,5.3186006
-0.170713889256856,5.3505634
0.234624812741432,5.3685282
-0.141286485260281,5.3834682
0.0589740917380062,5.3985034
0.195758106236294,5.4155669
-0.263161004265419,5.4315036
0.0396386352328681,5.4496059
-0.0433039127688444,5.4935783
-0.136012085770557,5.5110129
0.12284224122773,5.5286064
0.0154856307260172,5.5587113
0.0155508952243046,5.5896073
-0.252938527777408,5.6216196
0.0840407992208791,5.6375547
0.0401607512191666,5.6538564
0.0597572657174541,5.6866431
0.0598225302157411,5.7025993
-0.00358876778597139,5.7206089
0.445695246712316,5.7666663
0.113729261210603,5.7986653
-0.0375726617911094,5.8306727
0.0162035402071776,5.8618164
-0.174160882794535,5.8776515
0.0700450067037521,5.8946311
-0.0128975412979604,5.9126856
0.00181616070032709,5.9427271
0.133717362698614,5.974697
-0.00293612280309841,6.0067261
0.0606057041951891,6.0387691
-0.0809305938065239,6.0707853
0.207220608191764,6.1668341
0.304942122690051,6.1976723
0.280593324688338,6.2167782
-0.0855523483133744,6.2326457
0.139122291184913,6.2629931
0.2710234931832,6.294756
-0.0804737423185125,6.3257896
-0.0559944153202254,6.3427609
0.124734911678062,6.3748643
-0.378129511323651,6.4067782
0.134631065674637,6.4387748
0.046805705172924,6.4698115
0.0224569071712111,6.4857686
0.0518190466694985,6.5158999
0.0177046236677856,6.5458716
0.139840200666073,6.5778348
0.0178351526643605,6.609864
0.0130176046626476,6.6418466
0.066793806660935,6.6749028
