-0.0704158046937429,0.0311187
0.0174951948919184,0.2054683
-0.16314849302242,0.2257248
-0.0459406184367586,0.2417985
-0.0263889938510973,0.282007
-0.011720181765436,0.32993
-0.0605279321797747,0.3447586
-0.0116794325941134,0.3568336
0.110411254491548,0.3719998
-0.0409355584227904,0.3871687
-0.0262667463371291,0.4022775
0.0909411282485322,0.4143377
-0.0408744346658065,0.4264453
-0.0115571850801452,0.4374955
-0.0164196229944835,0.4516868
0.0177804390911778,0.4688001
-0.0310273113231609,0.4839301
-0.0456553742374997,0.4929345
0.0666696878481616,0.5040454
0.0227447499338229,0.5131338
-0.0700083129805154,0.5242314
-0.0309254383948541,0.5383372
-0.0553191263091928,0.5534746
0.00329499827646851,0.5634454
-0.0455127521378702,0.5776322
-0.0454923775522085,0.5907479
0.0521842470334528,0.6018045
0.0033764966191141,0.6158198
-0.0649625037952246,0.6329569
-0.0893561917095633,0.6480148
-0.0160936296239016,0.6637821
-0.0258388800382403,0.6748924
-0.079529442952579,0.6890066
-0.00626688086691773,0.7061008
0.0718784937187436,0.7212193
0.0963129308044048,0.7322689
0.0865676803900666,0.7455784
0.0182286799757279,0.7553822
-0.0696415704386109,0.7716102
-0.00126182085294957,0.7873903
-0.0256555087672883,0.8034911
0.0378414283183734,0.820624
-0.00608350959596526,0.8377931
-0.040242822510304,0.8548251
0.0281369270753573,0.8679231
0.0037432391610186,0.8785464
-0.0450645112533201,0.8927183
-0.0303956991676584,0.9037397
-0.0010784495819971,0.9179118
-0.0791830749963358,0.9289324
-0.0791627004106745,0.9430649
0.00386548667498676,0.9592066
-0.0302938262393515,0.9712877
0.0136718608463098,0.9823398
-0.0351358895680289,0.9954433
-0.162068639982368,1.0075061
-0.0985717028967064,1.0196398
-0.0155435158110451,1.0317388
-0.181538766225383,1.0427529
-0.152221516639722,1.0549988
-0.108255829554061,1.0681465
-0.137532329968399,1.0822474
-0.0447385178827382,1.098344
-0.0203040807970765,1.1164461
-0.0544633937114152,1.1305238
0.0627444808742461,1.141591
0.0725304804599074,1.1557666
0.0627852300455687,1.1698188
-0.10321002036877,1.1825724
-0.0641271457831083,1.1949286
0.136088541302553,1.2076303
0.0579839158882143,1.2200002
0.0726527279738756,1.2331219
-0.0786940849404631,1.2451493
-0.112853397854801,1.256203
-0.10306739826914,1.2693635
-0.0102735861834788,1.2824082
0.131348350902182,1.2934521
0.00441560048784373,1.3085307
-0.0443921499264945,1.324609
-0.0492545878408333,1.3397349
0.028890786744828,1.3579067
-0.0687450886695107,1.3729746
-0.112670026583849,1.3870596
-0.195657464498188,1.399569
-0.122394902412526,1.4147377
-0.0247182778268651,1.4299239
-0.0539947782412038,1.4409011
-0.0881540911555425,1.4515462
-0.0393055915698812,1.4660464
0.209738220515781,1.4791509
0.0828054701014418,1.4960931
-0.0636585303128969,1.5121959
-0.107583468227236,1.5283079
0.0340384688584257,1.5454379
0.0242932184440869,1.5584867
0.0438448430297487,1.5735729
-0.00984571988459004,1.5897477
0.0878309047010712,1.6079039
0.0732028417867325,1.6230258
0.0683404038723938,1.6381069
-0.0634751590419445,1.650166
0.00978740304371684,1.6622633
-0.0439031598706219,1.6743457
-0.0536484102849606,1.6864778
-0.0487452231992993,1.6985335
0.073345463886362,1.7106285
0.00500646347202371,1.7256257
-0.048684099442315,1.7398364
-0.0681949748566537,1.752781
0.0392472747290076,1.7648921
-0.0193261006853311,1.7759702
0.000225523900330593,1.7911923
-0.0192853515140081,1.8072438
-0.0436790394283468,1.8223498
-0.0290102273426855,1.8353867
-0.0338726652570243,1.8515301
-0.019203853171363,1.867657
0.0296446464142988,1.8868194
-0.07287404150004,1.899853
-0.0484396044143787,1.9108595
-0.0435364173287174,1.9235101
-0.0191019802430561,1.9366881
0.0199808943426056,1.9477446
-0.0239440435717331,1.9638901
0.0102560185139282,1.9799562
-0.0190204819004105,1.9960499
-0.233843857314749,2.0122528
-0.204526607729087,2.0283492
-0.0970843581434262,2.0434651
-0.0189389835577649,2.0565134
0.0152610785278964,2.0727115
0.0348127031135577,2.0898454
0.054364327699219,2.1049391
0.142275327284881,2.1220767
0.054405076870542,2.1372138
0.0593082639562033,2.1502053
-0.00414792395813546,2.1656382
-0.0676041118724742,2.1786452
-0.160357174786812,2.192792
-0.0236180502011512,2.2078763
0.0398788868845101,2.2229901
0.186383636470171,2.2360088
0.103396198555833,2.2491231
-0.101661551858506,2.264318
-0.0283989897728443,2.2773288
0.044863572312817,2.2946889
-0.0771863656015217,2.3098076
0.0693183839841396,2.3240471
0.0400418835698009,2.3370673
-0.0380627418445374,2.3512647
-0.0233939297588761,2.3704073
0.0498686323267852,2.3844587
-0.0624156805875535,2.3995916
-0.116106243501892,2.4126036
0.069461006083769,2.4308459
-0.0330576818305692,2.4438226
0.00114238025509206,2.4586388
-0.00860287015924666,2.4737469
-0.0720590580735854,2.490878
0.0109691290120759,2.5060128
-0.111080808902262,2.5190595
0.0403067531833989,2.5347
0.0256786902690602,2.5497532
-0.154964997645278,2.5628125
-0.115882123059617,2.5759317
0.0257398140260441,2.5921157
-0.0230679363882942,2.607186
-0.0376959993026329,2.6202394
-0.0181443747169716,2.6334396
-0.0816005626313103,2.6670636
-0.340369250545649,2.6832084
-0.0962082509599873,2.6992128
-0.086422251374326,2.714336
-0.0131596892886647,2.7263576
0.0308059977969966,2.738428
0.133365434882658,2.75157
0.00643268446831957,2.7646243
0.0259843090539809,2.7807787
-0.0765343788603579,2.7958535
-0.00815462927469657,2.8088699
-0.00325144218903528,2.8219758
-0.032527942603374,2.8402682
0.0163205569822877,2.8542304
0.045637806567949,2.8874492
0.0603066186536103,2.904433
0.0359129307392716,2.9215435
0.0115192428249329,2.9356789
-0.0519369450894054,2.9487204
-0.0128540705037441,2.9638241
-0.0567790084180828,2.9778765
-0.139766446332422,2.9940343
0.0116211157532398,3.0091082
-0.0323038221610989,3.0221593
0.109318114924563,3.0383378
0.0458619270102241,3.0544841
-0.0127114484041146,3.0685066
0.0703167386815466,3.0825858
0.0117433632672079,3.0956252
-0.0712440746471303,3.1087542
-0.0126299500614691,3.1228392
0.00692167452419223,3.1359003
0.0460045491098535,3.1510753
-0.00280320130448519,3.1665826
0.00209998578117609,3.1796338
-0.0222937021331622,3.1927299
0.0509688599524991,3.2058107
0.0461064220381604,3.220944
-0.0319982033761783,3.2366858
-0.149165328790517,3.25202
-0.0270746417048553,3.2693565
-0.036819892119194,3.2849971
-0.0319167050335327,3.3006138
-0.110021330447871,3.3273413
-0.00746189336221015,3.341369
0.0218553562234511,3.3575147
0.261133543309113,3.3715442
0.139083605394774,3.3867304
0.0121508549804354,3.4028461
0.0561165420660967,3.4201405
0.036605666651758,3.4384923
0.0512744787374197,3.4536844
0.017115165823081,3.4690842
0.00248710290874232,3.4854523
-0.0560862725055964,3.5026707
-0.0023549604199351,3.5167433
0.0904388516657266,3.5308082
-0.0804392112486121,3.5448795
-0.0022938366629508,3.55898
0.0123749754227105,3.5781862
-0.0803780874916282,3.595391
-0.0657092754059669,3.6135118
0.0222017241796948,3.6285558
-0.0705513387346439,3.6470723
0.0320080983510174,3.6640841
-0.0119168395633213,3.6781506
0.0125175975223399,3.6923229
0.0174207846080017,3.7063974
0.027206784193663,3.7204864
-0.00695252872067575,3.7356578
-0.0362290291350145,3.750993
0.0321507204506468,3.7691878
0.0126398450363081,3.7842705
-0.0801132178780302,3.8014048
0.0175634067076311,3.8185402
0.115240031293292,3.8346135
-0.0751692816210463,3.8617968
0.00297609296461498,3.8770827
-0.0604800949497233,3.8962961
-0.016514407864062,3.9114841
0.00303721672159929,3.9270009
-0.0360049086927394,3.9534868
0.00796077839292186,3.9705698
0.105637402978583,3.9856429
-0.0554750349357551,4.0010293
-0.0993999728500938,4.0170368
-0.0114889732644325,4.0470486
-0.0700623486787713,4.0620398
-0.08469041159311,4.0781369
0.174119025492552,4.0953362
0.066717525078213,4.1123955
0.0862691496638743,4.128602
-0.0553120382504644,4.1567433
-0.0211119761648031,4.1738101
-0.0259744140791418,4.1900107
-0.14314153949348,4.2185645
0.130316335092181,4.2336005
-0.143100790322158,4.247675
0.311021146763504,4.2618406
-0.0209897286508349,4.2769279
0.149929083434827,4.2925881
-0.255323979479512,4.3198464
-0.733819229893851,4.3348973
0.355068332191811,4.3490486
0.096299644277472,4.3630548
0.965460643863134,4.380211
0.257473205948795,4.3952673
0.0963607680344563,4.4124496
-0.157525107379882,4.4275443
0.443081204705779,4.4430001
-0.0647109207085599,4.4614947
-0.191643671122898,4.4765708
-0.0939670465372369,4.493752
-0.201368546951576,4.5089269
0.0965033901340857,4.5261415
-0.318515297780253,4.541216
0.0916613268054087,4.5583776
-0.52355267360893,4.5754334
0.316311450976731,4.6148695
-0.103590049437607,4.6306036
0.301703762648054,4.6608413
-0.00101023776628484,4.6779717
0.414049199319377,4.6945927
-0.357414801094962,4.7240007
0.580105573490699,4.7390246
1.22465719807636,4.756154
-0.030205239837978,4.7712669
0.306729197247684,4.7884221
0.589952696833345,4.8035852
0.433723071419006,4.8196892
0.126126258504668,4.8347643
-0.201001804409671,4.8518565
-0.29863767982401,4.8669953
0.380093632261652,4.8841076
0.287340569347313,4.8991914
0.121345318932975,4.9156507
1.27859225601864,4.9316107
0.145800130604297,4.959601
-0.0983201198100412,4.9898599
-0.16177630772438,5.0066119
0.409533129361281,5.0248174
-0.0445480585530573,5.0430936
-0.156832371467396,5.0827578
-0.112866684381735,5.1005122
0.092231815203927,5.1177175
-0.400911872710412,5.1601777
0.39988975187525,5.1772878
0.194832001460911,5.1923927
-0.0541710614534279,5.2085719
0.0288571256322339,5.2257239
0.0142290627178951,5.242861
0.0191322498035564,5.2873547
0.0484494993892177,5.3315718
-0.029655126025121,5.3474601
-0.195650376439459,5.3656821
0.351244998146202,5.382057
0.229195060231863,5.3992233
-0.0295736276824754,5.4156001
-0.0197876280968141,5.4439751
-0.376212566011153,5.4606617
0.356229683574509,5.5050402
-0.58124994183983,5.5223174
-0.0978311297541685,5.5394474
0.195157994831493,5.556132
0.00474868191715405,5.5842645
0.0535971815028158,5.6013876
0.102445681088477,5.6453792
-0.107494881825862,5.6636027
-0.0586463822402004,5.6817896
-0.219758820154539,5.6989574
0.102527179431122,5.7171643
0.214852241516784,5.7342176
0.0976851161024452,5.7503613
0.468799240688107,5.7666105
-0.190360072226232,5.7847606
-0.175691260140571,5.8018701
0.239368176945091,5.8200408
-0.165884885969248,5.8371516
0.0831589261164134,5.8542935
0.166187113202075,5.8724237
-0.204886262212264,5.8894934
-0.243928387626603,5.9060385
-0.156017388040941,5.922667
-0.45873138845528,5.9396408
0.0198046111303816,5.9570529
-0.116893764283957,5.9736378
-0.0533968271982959,5.9900949
-0.317048327612634,6.0093285
-0.0973013905269728,6.0481369
-0.0923982034413116,6.0662944
-0.0191356413556503,6.0844943
-0.048412141769989,6.1016121
-0.0483917671843277,6.1186127
0.010222357401334,6.1468319
-0.00440570551300468,6.1640708
-0.0776275184273434,6.1933653
-0.0727243313416821,6.2114136
-0.0775867692560208,6.2295544
-0.238699207170359,6.2466548
0.396086792415302,6.2659214
0.195911854500963,6.301332
0.0836275415866248,6.346196
-0.0335395838277139,6.3652839
0.152027665757948,6.3845434
0.0202121028436091,6.4037426
0.0348809149292704,6.4230919
0.142323164514932,6.4427771
-0.0285548983994071,6.4848832
0.103301413686254,6.5039301
0.064259288271916,6.5461006
-0.0529078371424228,6.5644108
0.0203547249432385,6.5835531
0.0692032245288998,6.6285839
0.0155126616145611,6.6461552
0.0497127237002228,6.6653856
0.0106705982858841,6.7057284
-0.0625512146284546,6.7231217
-0.0820620900427933,6.7423335
-0.018565152957132,6.7845212
-0.0722557158714707,6.803965
0.005889658714191,6.8227585
-0.0380352792001477,6.8619042
-0.0673117796144864,6.8820301
-0.0184632800288251,6.9002016
0.0108539695568362,6.9193603
-0.0379537808575021,6.9385114
-0.125824031271841,6.9586908
0.14763384331382,6.9791037
0.0402323428994817,7.0163242
0.064666779985143,7.0371285
0.347890279570804,7.0541063
0.094004404156466,7.0723504
0.0500794662421273,7.1117873
-0.0280251591722114,7.1296121
-0.0182391595865501,7.1586837
-0.0182187850008888,7.1771741
-0.0230812229152271,7.1966378
0.0208844641704342,7.2160982
-0.0425717237439045,7.2357171
0.0160424008417568,7.273239
-0.0620622245725819,7.2923812
-0.0229793499869206,7.3125457
-0.0766699129012589,7.3316821
0.0454207741844024,7.3508056
0.0454411487700637,7.371098
-0.105905664144275,7.4113165
-0.0570571645586138,7.4303328
-0.149810227472952,7.4490468
-0.0716648528872907,7.4773143
-0.179066353301629,7.4964046
-0.0960381662159682,7.5155048
0.00163845836969312,7.5346534
0.0700182079553548,7.5551259
0.00167920754101614,7.5859254
0.0358792696266774,7.6055162
-0.0129284807876613,7.624048
-0.032439356202,7.6424046
-0.0177705441163387,7.6636547
0.045726392969323,7.6851102
0.0115670800549843,7.7051239
-0.0274750453593544,7.7247171
-0.0128062332736931,7.7451983
-0.00790304618803184,7.7671015
0.0360626408976299,7.7881648
-0.0420419845167088,7.8091158
-0.178740359931048,7.830153
-0.0273527978453862,7.8503556
-0.022449610759725,7.8706954
-0.159147986174064,7.8901347
-0.0224088615884019,7.9100828
-0.0663337995027407,7.9472831
-0.00771967491707937,7.9676812
0.133902262168582,7.9871336
0.0850945117542432,8.0067795
-0.0564866761600951,8.026687
0.00212744842556623,8.0577924
-0.0857428019887725,8.0768987
-0.173613052403111,8.0949632
-0.0857020528174499,8.1141298
-0.0466191782317886,8.1356687
-0.0612472411461269,8.1678203
0.241507508439534,8.1869298
0.158520070525196,8.2060578
0.134126382610857,8.2262673
0.0218420696965183,8.2628256
-0.09532505571782,8.2841201
0.00235156886784127,8.3051248
-0.0513389940464974,8.3249344
0.00727513053916384,8.3456988
-0.00735293237517487,8.3663478
-0.0366294327895136,8.4023044
-0.0219606207038519,8.4234004
0.00247381638180943,8.4634254
-0.100044871532529,8.4840558
0.061108315553132,8.5032042
0.0074177526387933,8.5223286
-0.036507185275545,8.5414551
0.0416381893101163,8.5606436
-0.158536748604222,8.5817735
-0.109688249018561,8.6030904
-0.0706053744328998,8.6373214
-0.0949990623472381,8.6587008
0.0661541247384232,8.6797178
0.0271119993240845,8.6995882
0.0368979989097458,8.7188424
-0.0265581890045929,8.7379763
-0.00700656441893166,8.7591165
0.0809044351667301,8.7806566
-0.00208300274760864,8.8011518
-0.00206262816194736,8.8227433
-0.0508703785762861,8.8563267
0.105399996009375,8.8776826
-0.0166499419049631,8.8971106
-0.0361608173193018,8.9163377
0.0761642447663595,8.9366231
-0.0995966306479792,8.9576761
-0.0312168810623179,8.9788043
-0.104438693976657,9.0000925
-0.123949569390995,9.0332439
-0.0458041948053336,9.0546677
0.0616380547803277,9.0972961
-0.050646258134011,9.1171973
0.0177334914516503,9.1363907
-0.079902383962688,9.1564977
-0.0994132593770267,9.1766378
-0.0700960097913654,9.1967671
-0.0847240727057041,9.2369294
0.0178353643799571,9.2828129
-0.133511448534382,9.3051266
-0.0309520114487198,9.3297666
0.0178964881369414,9.365424
0.271823112722603,9.3871216
-0.050422137691736,9.4289372
0.135145111893925,9.4509142
-0.045498576020413,9.4729075
-0.0357125764347517,9.4941694
0.10102654815091,9.5156909
0.0815156727365709,9.5497895
0.0229422973222322,9.5723001
-0.0258654530921065,9.5936901
0.0278658589935552,9.6273145
-0.0209418914207835,9.6494275
-0.0111558918351222,9.6700943
-0.0257839547494609,9.6906527
-0.0697088926637996,9.7121227
0.0719130444218621,9.7576284
-0.0354884559924766,9.7784692
-0.0745305814068153,9.7997038
-0.0549789568211541,9.8220986
-0.00124764473549277,9.8427188
0.037835229850169,9.8864104
-0.0549178330641698,9.9066634
-0.108608395978508,9.9289096
0.0281307286071528,9.9506644
-0.00114577180718589,9.9727425
0.0281714777784754,9.9941598
0.0233090398641371,10.0282417
-0.171983085550202,10.0500871
-0.0889548984645403,10.072712
-0.113348586378879,10.0946605
-0.0498516492932177,10.1157421
0.291965600292444,10.1376546
0.282220349878105,10.159803
0.106459474463767,10.2003472
-0.0448873384505721,10.2216258
0.0283752236350892,10.2421601
-0.0399637767792496,10.2651574
-0.0643574646935878,10.2880093
0.00890509739207346,10.3097271
0.0186910969777347,10.3321718
0.150547409063396,10.355288
-0.0496275288509427,10.396297
0.023635033234719,10.4172161
-0.0740008421796197,10.4403915
-0.0153867175939584,10.463584
-0.0690772805082971,10.4859918
0.0334821565773642,10.5111243
-0.220403718836975,10.5335529
0.184890093248687,10.5546916
0.0188948428343485,10.5779327
-0.0787410325799902,10.6102386
-0.0201269079943289,10.6333307
0.00919034159133236,10.6558071
0.0189763411769941,10.6788293
0.0238795282626554,10.7006673
0.0336655278483167,10.7221721
-0.020025035066022,10.7454361
0.0190578395196392,10.767657
-0.0102186608946995,10.7912441
0.0483954636909623,10.8280876
-0.0248263492233765,10.8495165
0.0142565253622848,10.8717258
-0.0443168500520539,10.9064091
-0.0394136629663926,10.9285928
-0.0198620383807309,10.949695
-0.0735526012950696,10.9729589
0.0290068357905917,10.9951408
-0.093043102123747,11.0187447
-0.0100149150380857,11.0406688
-0.078353915452424,11.0648047
-0.0441538533667627,11.0879789
-0.161320978781101,11.1102686
-0.0929412291954401,11.1315097
0.0682119578902212,11.1536918
0.0194042074758825,11.1772401
-0.127059792938456,11.2004984
0.185460581647205,11.2227458
-0.0684252937671332,11.2459139
-0.048873669181472,11.2681069
0.0536857679041893,11.290709
-0.146489170010149,11.3138878
-0.302718795424488,11.336081
-0.141565608338826,11.3581404
-0.00970929625316508,11.3813103
0.156326703332496,11.428818
0.107518952918157,11.4516479
-0.0242966099961808,11.4737191
-0.0535731104105195,11.4961106
-0.126794923324858,11.5191901
0.00994420126080309,11.5613703
0.0636755133464644,11.5837002
-0.0632572370678739,11.6056912
-0.0583540499822126,11.630179
0.0832678871034487,11.6516894
-0.08761017581089,11.674364
-0.0680585512252287,11.7088326
0.0540321358604325,11.7321986
-0.0875490520539057,11.7546925
-0.0631146149682444,11.7791988
0.0443276346174168,11.8027537
-0.0630738657969219,11.8400056
0.0248371337887394,11.8651883
0.0443887583744011,11.9037189
-0.150903367039938,11.9261335
-0.00439861745427628,11.9676109
-0.053206367868615,11.9906627
-0.0971313057829537,12.0148221
-0.326603118697292,12.0514948
0.190995380888369,12.0980962
-0.0140623695259694,12.1452173
0.112911130059692,12.1674559
0.108048692145353,12.1896871
-0.0725949957689855,12.2127207
0.0397300663166762,12.2351148
0.0299848159023375,12.267859
-0.0725338720120012,12.3146851
0.10326775257366,12.3617856
0.0593428146593213,12.3862029
-0.126183685755017,12.4239724
-0.199405498669356,12.4471069
0.352372688416306,12.4717511
-0.287255374498033,12.5073663
0.215694687587628,12.5301522
0.10829318717329,12.5741662
-0.0479364382410488,12.5966984
0.0692714363446125,12.619725
-0.0430128765697262,12.6426899
0.0107184355159351,12.6668312
0.00585599760159639,12.7069443
-0.0673658153127419,12.75342
-0.0868766907270806,12.8006242
0.0498624338585807,12.8468557
0.069414058444242,12.8709032
-0.472557754470097,12.8951268
-0.160037379884435,12.9406119
-0.135602942798774,12.9878019
-0.0330435057131124,13.0331054
0.299008118872549,13.064863
-0.0330027565417899,13.1099436
0.0353769930438714,13.1341352
0.0646942426295332,13.1738271
-0.0573556952848056,13.1967362
-0.0329212581991443,13.2351203
-0.028018071113483,13.258085
-0.0768258215278217,13.283224
0.0599133030578396,13.3198735
-0.0377225723564987,13.3666634
0.00136030222916261,13.3993583
-0.203697448185176,13.4461527
0.0453463639004852,13.4697127
-0.0425238865138535,13.4947791
0.0063246130718082,13.5319529
0.0502903001574695,13.5784519
0.0649591122431308,13.601703
-0.125450200671208,13.6267727
-0.0570704510855466,13.6658984
0.0991999235001146,13.7123308
0.0406265480857764,13.758488
-0.0179468273285623,13.8056986
0.0113704222570989,13.8322501
0.0748673593427602,13.8687413
0.0162939839284215,13.915996
-0.0715762664859168,13.9397158
-0.0324933919002555,13.9658268
0.0163551076854058,13.9992257
-0.0373354552289329,14.045167
-0.149619768143272,14.0717969
-0.23749001855761,14.0958537
0.0750303560280514,14.1190877
0.563331980613713,14.1448569
0.143430480199374,14.1812276
0.0897399172850353,14.2081215
0.0116352918706966,14.2348509
-0.0860005835436417,14.2705928
-0.0322692714579804,14.3183749
-0.0713113968723191,14.3661149
0.0312480402133422,14.41388
-0.0810362727009966,14.4383972
-0.0663674606153348,14.4636638
0.0850201014703265,14.4953474
0.0996889135559877,14.5431355
0.026467100641649,14.5682299
0.0167218502273103,14.5932038
-0.00767183768702839,14.6312576
0.0167625993986333,14.6632309
-0.0564592135157054,14.7100823
0.0119205360699559,14.7585171
-0.0466528393443828,14.7841172
0.138914410241278,14.8198586
0.0119816598269402,14.866394
0.153603596912602,14.9133804
0.261045846498263,14.959628
-0.158855653916076,15.0075343
-0.456686841830415,15.0543143
0.646849157755247,15.0872518
-0.202739842659092,15.1330347
0.12931178192657,15.1811236
0.231871219012231,15.2275627
-0.188030281402108,15.2523859
-0.441916156816446,15.2787953
0.378416717769215,15.3041944
0.202655842354877,15.3427601
-0.0414644080594622,15.3911319
-0.407654970973801,15.4369594
-0.16349397138814,15.4832715
0.466409215697522,15.5294706
-0.158570409716817,15.5613558
-1.19858909763116,15.5866914
0.642251589454506,15.6248199
-0.353821785959833,15.6681179
0.666706401125829,15.7161559
-0.42214041178851,15.7431538
-0.558838787202848,15.7708789
-0.143779350117187,15.8069243
-0.280477725531526,15.8533708
0.842589524054135,15.9009968
0.0320630236397972,15.949935
0.0125521482254585,15.9935017
0.53991627281112,16.0412082
-0.216899290103219,16.0887094
-1.04207422801756,16.135939
0.583922709068104,16.1841323
-0.314494416346235,16.2167225
0.115213458239427,16.2433414
0.0175775828250879,16.2733232
-0.0165817300892508,16.321453
0.80375114449641,16.3697857
0.300841831582072,16.4194669
0.0860184561677335,16.4518695
-0.202047106746605,16.500929
0.203246705339056,16.5462131
0.0470170799247174,16.5936888
0.00309214201037866,16.641691
-0.0603640459039596,16.6705322
-0.0261639838182983,16.7034716
-0.118917046732637,16.7307306
-0.0212404221469757,16.755827
-0.197001297561314,16.7938248
0.0520425145243473,16.8402256
-0.0407105483899914,16.8733296
0.0325520136956698,16.9075972
0.0276895757813311,16.9527404
-0.0650634871330076,17.0007235
0.00819907495265371,17.0347192
-0.0552571129616846,17.0822
0.0180054491239767,17.1303268
0.018025823709638,17.1759163
-0.0356647392047007,17.2086412
0.0131837603809606,17.2580841
0.0522666349666223,17.292353
-0.0404864279477164,17.3381753
0.0230105091379449,17.3838581
-0.0404456787763938,17.411166
-0.00136280419073254,17.4453727
0.0621341328949288,17.4937749
0.13051388248059,17.5272107
0.0328780070662518,17.5735927
-0.0891719308480869,17.6068178
0.0817468812375743,17.6549453
-0.103779619176764,17.6813281
0.0671391929088974,17.7169171
0.0183314424945586,17.7669976
0.12577369208022,17.800747
-0.0695184333341188,17.845329
0.0476894412515425,17.8942338
0.0721238783372042,17.9431636
-0.0450432470771345,17.9925212
0.130758377508527,18.0252382
-0.0108228104058119,18.0747134
0.0429085016798494,18.1226216
0.125936688765511,18.1697723
-0.0254101241488276,18.219209
0.00390712543683369,18.2666707
-0.206033437477505,18.3153945
-0.0644115003918437,18.3606684
0.0479135616938176,18.4085789
0.0186370612794793,18.4553479
-0.0204050641348594,18.5045099
-0.0545643770491981,18.553707
-0.0447783774635369,18.6011445
0.00895293462212443,18.6490897
-0.00567512829221428,18.6783934
-0.0691313162065526,18.7262739
-0.0300484416208913,18.7745032
-0.000731192035229977,18.8205157
0.00417199505043131,18.8549735
-0.0788154428639074,18.8878526
0.0823377442217543,18.9366758
-0.0397121936925844,18.9697998
-0.0152777566069231,19.0193894
0.0579848054787382,19.0643899
-0.132424507435601,19.1127315
0.116619304650061,19.1585744
-0.0396103207642775,19.2070225
0.233847553821384,19.2540576
0.00437574090704507,19.300449
-0.000486697007293646,19.3480278
-0.0346460099216324,19.3811884
-0.000445947835970628,19.430256
-0.0394880732503093,19.464908
0.0142432388353519,19.5133452
-0.0492129490789868,19.5625601
0.0875261755066745,19.5959633
0.0631324875923358,19.6450474
0.0924497371779975,19.6928122
-0.0442486382363412,19.7419118
-0.0588767011506799,19.7907852
-0.0735047640650186,19.8248488
-0.0344218894793573,19.85784
-0.0881124523936956,19.8847817
-0.0099670778080343,19.9127731
0.224428296777627,19.9496239
0.0877299213632883,19.9822829
0.0193909209489496,20.0290279
-0.0538308919653891,20.0752297
-9.95798797274183e-05,20.111259
0.00968641970593387,20.1467742
0.0731833567915952,20.1954449
-0.0488665811227436,20.2318205
-0.00978370653708227,20.2682925
-0.151364894451421,20.3048273
0.0390851676342407,20.341943
-0.058550707780098,20.386388
0.0244774793055633,20.42295
-0.0926896461087754,20.4595483
0.0782291659768863,20.4938785
0.000124540562547626,20.5292088
0.0196761651482089,20.5653256
-0.0437800227661298,20.6016092
-0.0437596481804685,20.6368353
-0.0388564610948072,20.6722348
-0.0046563990091455,20.7083313
0.0979030380765158,20.744808
-0.0192640873378229,20.7808606
0.00517034974783837,20.8163343
-0.0338717756665003,20.8651964
-0.00943733858083862,20.900918
-0.00941696399517733,20.9369978
-0.033810651909516,20.9737651
0.107811285176145,21.0102094
0.122480097261807,21.0459085
-0.0435151531525322,21.0812456
0.0199817839331295,21.1178488
-0.165544716481209,21.1542599
0.0542022206044521,21.1899526
0.0542225951901134,21.2248657
0.0737742197757747,21.2618885
-0.0482757181385636,21.3079497
0.0494009064470977,21.3446691
0.029890031032759,21.3813308
-0.0140349068815797,21.4284786
0.0103995302040816,21.4643042
0.0738964672897429,21.4996081
-0.0335050331245954,21.535638
-0.0578987210389341,21.5711478
0.0934888410467272,21.6066203
0.103274840632388,21.6434588
-0.0187750972819503,21.6799965
-0.0187547226962885,21.7168578
-0.0626796606106272,21.7526197
0.074059463975034,21.78888
-0.0235764114393047,21.8258885
0.0203892756463566,21.8612562
0.0155268377320184,21.8961048
-0.10164028768232,21.9282278
0.166934774403341,21.9652619
-0.0625370385109978,22.0023587
-0.101579163925337,22.0389067
0.0400427731603248,22.0762958
0.245141272745987,22.1131855
-0.0136274151683522,22.1503129
0.289127334417309,22.1962603
-0.00382104099702962,22.2337787
0.665144646088632,22.2705816
0.333133770674293,22.3169298
0.274560395259955,22.3529805
-0.033036417654384,22.3893774
-0.594539480568723,22.4254439
-0.648230043483061,22.4689582
0.8410481436026,22.5134049
0.0598185181882616,22.5496001
0.469995142773923,22.5861983
1.07060145485958,22.6327095
0.133121829445245,22.6682951
-0.657873420969093,22.704242
-0.101212421383432,22.7418053
-0.28185610929777,22.779295
0.308984577787891,22.8168083
-0.184159110126448,22.8526615
0.943790951959214,22.889895
0.0600222640448749,22.9268819
-0.154801111369463,22.9643217
-0.0668901117838021,23.0012489
0.338403700301859,23.0374486
-0.29634155011248,23.0731795
-0.135188363026818,23.1101721
0.113855449058843,23.155325
-0.511124176355495,23.1919292
0.289677448230166,23.2289048
0.377588447815827,23.2653863
0.655929134901489,23.3127255
-0.94073017801285,23.3492874
1.11007144657281,23.3859601
-0.384048803841527,23.4227483
0.675541883244134,23.4608317
-0.0959221171702045,23.4974449
0.743942007415457,23.5352534
1.41290769450112,23.5718736
0.50960775658678,23.608698
-0.271621868827559,23.6452567
-0.501093681741898,23.683338
-0.325292057156236,23.7199069
-0.393631057570575,23.7572526
0.182561192015087,23.7948074
-0.432652808399252,23.8313708
-0.359390246313591,23.8683994
-0.0712839342279294,23.9064619
-0.320286997142268,23.951406
-0.0565947475566064,23.9888221
0.0801443770290549,24.0342518
0.0362194391147161,24.0812532
0.0704195012003774,24.1269749
-0.0711616867139613,24.1643425
0.0216321253717005,24.2019538
-0.00764437504263826,24.239985
0.026555687043023,24.2782986
-0.0564317508713157,24.3234631
0.104721436214346,24.3613853
-0.0466253766999931,24.3993645
0.0705824978856686,24.4450335
-0.0124049400286701,24.4898777
0.0999201220569912,24.5274404
0.178065496642652,24.5639453
0.0804296212283138,24.6008033
0.0853328083139755,24.6389085
0.0169938078996368,24.6772751
0.0707251199852981,24.7159055
-0.00737950542904064,24.7604018
0.0219377441566206,24.799534
-0.0317528187577181,24.8379712
0.00244724332794366,24.8742901
-0.0121808195863951,24.9112987
-0.0316916950007338,24.9488908
0.0269224295849275,24.9864052
-0.0462993833294112,25.0248965
-0.0462790087437495,25.069852
-0.0316101966580882,25.1062284
-0.0169413845724269,25.1445484
-0.0706319474867656,25.1824181
-0.0510803229011043,25.2199781
-0.080356823315443,25.2569108
0.427476051270219,25.2943125
0.07593392585588,25.3323782
-0.00705351205845872,25.3709355
0.0906231125272026,25.4154368
-0.0802549503871361,25.4549492
0.0418357366985256,25.5007831
-0.00208920121581313,25.5384382
-0.0362485141301518,25.5758946
-0.0166968895444906,25.6139156
0.144456297541171,25.6518506
-0.0215389528731675,25.6888231
-0.0410498282875063,25.7259088
0.022447108798155,25.762279
-0.0556575166161837,25.8085428
0.0615503579694776,25.8462612
-0.241163642444861,25.8833999
0.00788016964080063,25.9214811
-0.0751072682735381,25.9598251
0.164170918812123,25.9990173
0.208136605897784,26.0369137
0.0470241679834458,26.0763387
0.0128648550691075,26.1133232
0.0763617921547688,26.1513081
-0.0945162707595699,26.1899101
0.0959337913260914,26.2356376
-0.0798270840882473,26.2740256
0.0813261029974139,26.3132561
0.0178699150830757,26.351316
-0.065117522831263,26.3898935
0.100918476754398,26.4288554
-0.0113658361599405,26.4747943
0.0374826634257208,26.5126027
-0.0357391494886174,26.5512563
-0.0454843999029562,26.5911126
-0.0405812128172949,26.6301863
-0.0210295882316336,26.6689144
0.0571157863540277,26.7071806
-0.060051339060311,26.7463935
-0.0160856519746493,26.7852354
0.076708160111012,26.8242198
0.00348634719667329,26.8625798
0.496670784282335,26.9016387
0.0181755338679959,26.9407807
0.0426099709536576,26.9799887
-0.128268091960681,27.0186078
-0.0208258423750198,27.0651149
0.00360859471064146,27.1038715
0.0915195942963027,27.1413237
-0.010999093618036,27.1809026
-0.0744552815323742,27.2249397
-0.050020844446713,27.2659299
-0.0451176573610517,27.3047459
0.0379105297246096,27.3525119
0.0281652793102709,27.3980439
0.0281856538959326,27.4430782
-0.0255049090184061,27.4850169
0.0721717155672552,27.5259533
-0.0303469723470835,27.5660267
-0.0303265977614222,27.6059199
-0.0205405981757609,27.6453724
0.125964151409901,27.6898501
0.0576251509955621,27.7299788
-0.0448935369187766,27.7754128
-0.0106934748331153,27.8216609
0.038155024752546,27.8615861
0.0137613368382077,27.9018165
-0.049694851076131,27.9413161
0.0138020860095303,27.9798751
0.0235880855951915,28.018404
-0.00080560231914717,28.0575321
0.0529257097665146,28.0955824
-0.0398273531478242,28.1431557
0.0236695839378371,28.1821538
-0.191153791476502,28.2208449
0.0969525206091597,28.2593477
0.106738520194821,28.2979359
-0.0104286052195173,28.3453267
0.062833956866144,28.3848751
0.0384402689518053,28.4245906
0.0775231435374666,28.4703505
0.116606018123128,28.511252
0.00920451770878961,28.5502374
-0.0640172952055491,28.5978734
0.0385421418801122,28.6377675
0.0629765789657735,28.6778177
-0.0639561714485652,28.7163409
-0.098115484362904,28.7630185
0.00932676522275777,28.8094505
-0.0736606726915809,28.8498944
-0.0834059231059197,28.8889914
-0.0492058610202584,28.9274758
0.0191738885654029,28.9669209
0.0289598881510646,29.0059734
-0.156566612263274,29.0462178
0.136422512322387,29.0859983
0.0729663244080485,29.124864
0.0925179489937098,29.1698903
-0.0295319889206289,29.2087819
0.156035260665033,29.2559464
-0.000194364749305898,29.2962325
-0.136892740163645,29.3359065
0.0486745094220167,29.3751894
-0.127086365992322,29.4217234
0.13172307109334,29.4613507
-0.175873741820999,29.5070859
-0.942454929735338,29.5533059
0.283151382350324,29.598565
-0.224640743064015,29.6371648
-0.161143805978353,29.6766818
-0.0976468688926921,29.7158837
-0.214813994307031,29.7553421
-0.0878404947213696,29.793937
0.180734567364292,29.8338719
0.253997129449953,29.8784455
0.0440565665356147,29.9260068
-0.136587121378724,29.965566
-0.449066746793063,30.0053559
0.332203627792599,30.0453764
-0.26347912262174,30.0916177
0.879119376963922,30.1380352
-0.370860248450417,30.1839756
-0.136464873864756,30.2238214
0.200469563220905,30.2696311
-0.614939749693433,30.3173353
-0.00456781260777195,30.3583283
0.22982756197789,30.3969333
-0.0728864384364489,30.4370749
-0.141225438850788,30.4771716
-0.727142564265126,30.517277
0.210377810320535,30.5577773
0.000437247406196661,30.5981112
0.0541685594918579,30.6456884
0.522938934077519,30.692058
-0.0287985038368195,30.7323774
-0.0483093792511582,30.7739381
-0.419382754665497,30.8138572
0.151926682420165,30.8543105
-0.575592005494174,30.8954181
-0.0824075684085126,30.9353376
-0.355824693822851,30.9752808
-0.04818713173719,31.0149358
0.122731680348472,31.0560665
0.220408304934133,31.1020508
-0.302032257980206,31.1467211
0.713613116605456,31.1869206
-0.336171196308883,31.2276612
0.366974178276778,31.2678623
-0.45820075963756,31.309069
-0.140797572551899,31.3529091
0.0838321770337624,31.3940754
-0.189584948380576,31.4341623
-0.668080198794915,31.474652
-0.121184824209253,31.5160546
0.777273050376408,31.5563037
-0.262745637537931,31.5966142
0.0546575495477306,31.6441014
-0.0380955133666081,31.6842071
-0.0966688887809464,31.7259907
0.00589054830471492,31.7709426
0.0791531103903762,31.8118704
0.0742906724760375,31.8527004
0.0352485470616988,31.8980522
-0.0282076408526399,31.9383164
0.0597033587330218,31.985001
0.0646065458186831,32.0266197
-0.0281465170956556,32.0719781
0.00605354499000565,32.1134974
-0.0671682679243331,32.1533067
0.00609429416132867,32.1935018
0.13306779374699,32.2396807
-0.00851339416734875,32.2810027
0.00615541791831253,32.3222795
0.00617579250397382,32.3629492
0.00619616708963511,32.4033292
-0.150033458324703,32.4448501
0.0208853537609581,32.4909736
0.0794994783466194,32.530341
-0.0376676470677193,32.571347
0.201610540017942,32.6133331
0.0160840396036037,32.6544686
-0.022958085810735,32.6950097
0.0649529137749263,32.7354025
-0.0131517116394124,32.7809903
0.0210483504462489,32.82189
-0.0131109624680898,32.8639553
-0.0130905878824281,32.9089048
-0.0472499007967668,32.9483346
-0.0325810887111055,32.9902222
-0.0374435266254443,33.0343206
-0.052071589539783,33.0763002
0.0504878475458788,33.1223301
0.02121134713154,33.1635773
-0.100838590782799,33.210336
0.118908346302863,33.25156
0.0554521583885239,33.2969258
0.0359412829741852,33.3379417
0.0261960325598469,33.3798863
-0.0421429678544918,33.421748
0.13854146923117,33.4624311
-0.00792253118316921,33.5033952
0.0165119059024921,33.5483386
-0.217842719511846,33.5899281
0.0556151550738151,33.631908
-0.0371379078405236,33.6729191
0.0800699667451377,33.714299
0.065441903830799,33.7553913
0.00198571591646068,33.7963813
-0.056587659497878,33.8378746
0.143628027587783,33.8803912
0.0215780896734445,33.9249107
0.0704265892591058,33.9713885
-0.0125608486552329,34.0143001
-0.0467201615695712,34.0594284
-0.0320513494839099,34.0955154
0.153515900101751,34.1402044
-0.0466590378125873,34.1761593
0.060783211773074,34.2182732
0.0852176488587357,34.252244
-0.00265260155560298,34.2962738
0.0364302730300583,34.3378102
-0.0612056023842804,34.3789675
-0.0807164777986191,34.420331
-0.0123367282129578,34.4619178
0.0902227088727039,34.5040504
0.114657145958365,34.5460285
-0.0122756044559735,34.5872828
-0.00248960487031225,34.6294344
-0.017117667784651,34.6745444
0.00731676930101077,34.7172886
0.00245433138667206,34.7589346
-0.00240810652766665,34.8014424
0.0122607055579946,34.8466829
-0.00725016985634408,34.8889121
0.0611295797293172,34.9299689
-0.0462719206850211,34.9719445
0.13929532890064,35.0143881
0.00259695348630151,35.0594518
-0.0803904844280372,35.1016529
0.0221689526576241,35.1421881
0.0466033897432858,35.1900841
-0.0070871731710529,35.2353796
0.00269882641460839,35.2777656
0.0661957635002697,35.3195178
-0.00214323691406904,35.3617158
-0.143724424828408,35.4082366
-0.070461862742746,35.4503027
0.193230386842915,35.4928927
-0.0801867385714234,35.5378782
0.0663180110142378,35.5803417
-0.353583489400101,35.6222812
0.00288219768556086,35.6642766
-0.192409927728778,35.7053802
-0.255866115643117,35.7510479
-0.0898301160574553,35.787027
-0.055630053971794,35.8300425
0.154351258113867,35.8637758
-0.250901804800471,35.9083168
0.0518529447851903,35.9503184
0.0323420693708516,35.992359
-0.607285993543487,36.0328506
-0.0896874939578258,36.0759764
0.755059443127836,36.1213879
-0.372849869786503,36.163301
0.300998629799158,36.2052948
0.60863619188482,36.2483768
-0.402085621029519,36.2894298
0.320591003556143,36.3313067
-0.695013621858196,36.3720556
-0.0113994972725346,36.4148845
-0.709621310186873,36.4569163
0.0911803143987879,36.4984541
-0.0650493110155508,36.5413841
0.359775751070111,36.5845848
0.0912414381557722,36.6302383
-0.362839749758566,36.6717352
-0.0844990626729052,36.7148164
0.0522400619127561,36.7610731
0.0376119989984178,36.802498
-0.0697895014159209,36.8449844
0.18901993566974,36.8904166
0.213454372755402,36.9328854
0.140232559841063,36.9758028
-0.406622065573276,37.0203093
-0.313828253487614,37.0640369
-0.787440691401953,37.1059437
-0.323553129316291,37.1490975
0.36006099526937,37.1921765
-0.694606130144969,37.2387068
-0.0549373180593071,37.2814213
0.242934619026354,37.3242785
-0.00606844388798455,37.3712859
-0.0597590068023233,37.4152947
0.033034805283338,37.4595469
-0.0304213826310007,37.5018796
0.179559929454661,37.5460157
0.0135646790403223,37.5899033
-0.0205946338740164,37.634191
0.0087226157116449,37.67807
0.0917508027973062,37.7197386
0.106419614882968,37.7643627
0.0087837394686292,37.8089151
-0.0302583859457095,37.8559486
0.0381213636399518,37.8919013
-0.0643973242743869,37.9369131
-0.0839081996887252,37.9729187
-0.0545909501030639,38.0795445
-0.0545705755174026,38.1556418
-0.0838470759317413,38.2001357
0.0919545486539199,39.0274267
0.0138499232395812,39.0732014
0.179885922825243,39.1189307
0.0285391099109042,39.1628587
0.00902823449656553,39.2090943
-0.205795140917773,39.2530323
0.00418617116788811,39.2971501
0.0432690457535498,39.3458459
0.0677034828392111,39.3890096
0.0823722949248724,39.4353454
0.0775098570105337,39.4798325
0.150772419096195,39.6031231
-0.0591681438181437,39.6449717
0.043391293267518,39.6882454
-0.0884242696468207,39.7314039
0.0141351674388406,39.7778909
